#  Photon mass energy-absorption coefficients from PENELOPE
#  Material data file:      air.mat             
#  Mass density= 1.204790E-03 g/cm**3
# 
#  Tolerance = 1.000000E-01 %
#  Allotted simulation time = 1.000000E+02 s
#  Dump period= 1.000000E+01 s
#
#    Energy       mu/rho      mu_en/rho     (1-g)*f        f            1-g      uncert.      T
#     (eV)       (cm**2/g)    (cm**2/g)                                            (%)       (s)
# ---------------------------------------------------------------------------------------------------
   1.00000E+03  3.48940E+03  3.48788E+03  9.99563E-01  9.99563E-01  1.00000E+00  7.7E-04  1.0001E+01
   1.50000E+03  1.15381E+03  1.15239E+03  9.98770E-01  9.98770E-01  1.00000E+00  1.3E-03  1.0001E+01
   2.00000E+03  5.11727E+02  5.10465E+02  9.97534E-01  9.97534E-01  1.00000E+00  1.8E-03  1.0001E+01
   2.50000E+03  2.68813E+02  2.67703E+02  9.95870E-01  9.95870E-01  1.00000E+00  2.3E-03  1.0001E+01
   3.00000E+03  1.57644E+02  1.56690E+02  9.93947E-01  9.93947E-01  1.00000E+00  2.8E-03  1.0001E+01
   3.50000E+03  1.12309E+02  1.10238E+02  9.81564E-01  9.81564E-01  1.00000E+00  4.8E-03  1.0001E+01
   4.00000E+03  7.59163E+01  7.43967E+01  9.79984E-01  9.79984E-01  1.00000E+00  5.0E-03  1.0001E+01
   4.50000E+03  5.36528E+01  5.24691E+01  9.77938E-01  9.77938E-01  1.00000E+00  5.1E-03  1.0001E+01
   5.00000E+03  3.92846E+01  3.83199E+01  9.75445E-01  9.75445E-01  1.00000E+00  5.4E-03  1.0001E+01
   5.50000E+03  2.95980E+01  2.87838E+01  9.72492E-01  9.72492E-01  1.00000E+00  5.7E-03  1.0001E+01
   6.00000E+03  2.28437E+01  2.21367E+01  9.69052E-01  9.69052E-01  1.00000E+00  6.1E-03  1.0001E+01
   6.50000E+03  1.79848E+01  1.73585E+01  9.65178E-01  9.65178E-01  1.00000E+00  6.5E-03  1.0001E+01
   7.00000E+03  1.44254E+01  1.38607E+01  9.60856E-01  9.60856E-01  1.00000E+00  6.9E-03  1.0001E+01
   7.50000E+03  1.17393E+01  1.12225E+01  9.55975E-01  9.55975E-01  1.00000E+00  7.4E-03  1.0001E+01
   8.00000E+03  9.68872E+00  9.21023E+00  9.50614E-01  9.50617E-01  9.99996E-01  9.5E-03  1.0001E+01
   8.50000E+03  8.08839E+00  7.64240E+00  9.44861E-01  9.44861E-01  1.00000E+00  8.5E-03  1.0001E+01
   9.00000E+03  6.82919E+00  6.40740E+00  9.38236E-01  9.38244E-01  9.99992E-01  1.2E-02  1.0001E+01
   9.50000E+03  5.81942E+00  5.42138E+00  9.31601E-01  9.31614E-01  9.99987E-01  1.4E-02  1.0001E+01
   1.00000E+04  5.00504E+00  4.62672E+00  9.24412E-01  9.24420E-01  9.99991E-01  1.4E-02  1.0001E+01
   1.05000E+04  4.33798E+00  3.97497E+00  9.16318E-01  9.16335E-01  9.99981E-01  1.6E-02  1.0001E+01
   1.10000E+04  3.78912E+00  3.44046E+00  9.07985E-01  9.08010E-01  9.99973E-01  1.9E-02  1.0001E+01
   1.15000E+04  3.33112E+00  2.99419E+00  8.98854E-01  8.98874E-01  9.99978E-01  1.8E-02  1.0001E+01
   1.20000E+04  2.94796E+00  2.61976E+00  8.88666E-01  8.88690E-01  9.99974E-01  2.1E-02  1.0001E+01
   1.25000E+04  2.62483E+00  2.30665E+00  8.78779E-01  8.78809E-01  9.99966E-01  2.3E-02  1.0001E+01
   1.30000E+04  2.34915E+00  2.04023E+00  8.68494E-01  8.68529E-01  9.99960E-01  2.5E-02  1.0001E+01
   1.35000E+04  2.11378E+00  1.81114E+00  8.56827E-01  8.56858E-01  9.99964E-01  2.4E-02  1.0001E+01
   1.40000E+04  1.91161E+00  1.61685E+00  8.45805E-01  8.45842E-01  9.99957E-01  2.7E-02  1.0001E+01
   1.45000E+04  1.73623E+00  1.44835E+00  8.34191E-01  8.34233E-01  9.99949E-01  2.9E-02  1.0001E+01
   1.50000E+04  1.58396E+00  1.30163E+00  8.21756E-01  8.21799E-01  9.99947E-01  3.2E-02  1.0001E+01
   1.55000E+04  1.45035E+00  1.17372E+00  8.09269E-01  8.09309E-01  9.99951E-01  3.1E-02  1.0001E+01
   1.60000E+04  1.33332E+00  1.06177E+00  7.96332E-01  7.96376E-01  9.99944E-01  3.3E-02  1.0001E+01
   1.65000E+04  1.23059E+00  9.63618E-01  7.83051E-01  7.83105E-01  9.99931E-01  3.5E-02  1.0001E+01
   1.70000E+04  1.14006E+00  8.77210E-01  7.69441E-01  7.69491E-01  9.99935E-01  3.7E-02  1.0001E+01
   1.75000E+04  1.05972E+00  8.01658E-01  7.56482E-01  7.56539E-01  9.99924E-01  3.9E-02  1.0001E+01
   1.80000E+04  9.87697E-01  7.33298E-01  7.42432E-01  7.42482E-01  9.99932E-01  3.8E-02  1.0001E+01
   1.85000E+04  9.23424E-01  6.72315E-01  7.28068E-01  7.28121E-01  9.99927E-01  4.0E-02  1.0001E+01
   1.90000E+04  8.65837E-01  6.18570E-01  7.14418E-01  7.14480E-01  9.99914E-01  4.3E-02  1.0001E+01
   1.95000E+04  8.14165E-01  5.69882E-01  6.99959E-01  7.00013E-01  9.99923E-01  4.5E-02  1.0001E+01
   2.00000E+04  7.67645E-01  5.26579E-01  6.85966E-01  6.86030E-01  9.99908E-01  4.7E-02  1.0001E+01
   2.05000E+04  7.25381E-01  4.87146E-01  6.71573E-01  6.71634E-01  9.99909E-01  4.9E-02  1.0001E+01
   2.10000E+04  6.87124E-01  4.51813E-01  6.57542E-01  6.57597E-01  9.99916E-01  4.7E-02  1.0001E+01
   2.15000E+04  6.52442E-01  4.19645E-01  6.43192E-01  6.43257E-01  9.99899E-01  4.9E-02  1.0001E+01
   2.20000E+04  6.20910E-01  3.90323E-01  6.28631E-01  6.28696E-01  9.99897E-01  5.2E-02  1.0001E+01
   2.25000E+04  5.92012E-01  3.63794E-01  6.14505E-01  6.14565E-01  9.99901E-01  5.3E-02  1.0001E+01
   2.30000E+04  5.65559E-01  3.39147E-01  5.99666E-01  5.99731E-01  9.99892E-01  5.6E-02  1.0001E+01
   2.35000E+04  5.41371E-01  3.17806E-01  5.87039E-01  5.87108E-01  9.99883E-01  5.7E-02  1.0001E+01
   2.40000E+04  5.19180E-01  2.97791E-01  5.73580E-01  5.73650E-01  9.99878E-01  5.9E-02  1.0001E+01
   2.45000E+04  4.98753E-01  2.79065E-01  5.59526E-01  5.59592E-01  9.99881E-01  5.8E-02  1.0001E+01
   2.50000E+04  4.79955E-01  2.62228E-01  5.46359E-01  5.46420E-01  9.99888E-01  5.9E-02  1.0001E+01
   2.55000E+04  4.62440E-01  2.46611E-01  5.33284E-01  5.33351E-01  9.99874E-01  6.1E-02  1.0001E+01
   2.60000E+04  4.46264E-01  2.32231E-01  5.20389E-01  5.20456E-01  9.99871E-01  6.3E-02  1.0001E+01
   2.65000E+04  4.31252E-01  2.18862E-01  5.07504E-01  5.07570E-01  9.99870E-01  6.5E-02  1.0001E+01
   2.70000E+04  4.17357E-01  2.06464E-01  4.94693E-01  4.94762E-01  9.99861E-01  6.7E-02  1.0001E+01
   2.75000E+04  4.04500E-01  1.95254E-01  4.82706E-01  4.82768E-01  9.99872E-01  6.8E-02  1.0001E+01
   2.80000E+04  3.92623E-01  1.85068E-01  4.71365E-01  4.71434E-01  9.99854E-01  7.0E-02  1.0001E+01
   2.85000E+04  3.81508E-01  1.75358E-01  4.59645E-01  4.59714E-01  9.99851E-01  6.8E-02  1.0001E+01
   2.90000E+04  3.71120E-01  1.66466E-01  4.48551E-01  4.48620E-01  9.99845E-01  6.9E-02  1.0001E+01
   2.95000E+04  3.61431E-01  1.58245E-01  4.37831E-01  4.37892E-01  9.99859E-01  7.1E-02  1.0001E+01
   3.00000E+04  3.52383E-01  1.50475E-01  4.27022E-01  4.27085E-01  9.99851E-01  7.2E-02  1.0001E+01
   3.05000E+04  3.43857E-01  1.43170E-01  4.16365E-01  4.16430E-01  9.99844E-01  7.3E-02  1.0001E+01
   3.10000E+04  3.35843E-01  1.36592E-01  4.06713E-01  4.06772E-01  9.99855E-01  7.4E-02  1.0001E+01
   3.15000E+04  3.28309E-01  1.30199E-01  3.96575E-01  3.96639E-01  9.99839E-01  7.6E-02  1.0001E+01
   3.20000E+04  3.21241E-01  1.24266E-01  3.86831E-01  3.86892E-01  9.99840E-01  7.7E-02  1.0001E+01
   3.25000E+04  3.14603E-01  1.18912E-01  3.77974E-01  3.78041E-01  9.99823E-01  7.8E-02  1.0001E+01
   3.30000E+04  3.08358E-01  1.13816E-01  3.69103E-01  3.69158E-01  9.99851E-01  7.7E-02  1.0001E+01
   3.35000E+04  3.02462E-01  1.08807E-01  3.59737E-01  3.59797E-01  9.99831E-01  7.7E-02  1.0001E+01
   3.40000E+04  2.96862E-01  1.04362E-01  3.51552E-01  3.51613E-01  9.99825E-01  7.9E-02  1.0001E+01
   3.45000E+04  2.91576E-01  1.00156E-01  3.43498E-01  3.43555E-01  9.99835E-01  7.9E-02  1.0001E+01
   3.50000E+04  2.86584E-01  9.60588E-02  3.35185E-01  3.35247E-01  9.99816E-01  8.0E-02  1.0001E+01
   3.55000E+04  2.81854E-01  9.22615E-02  3.27337E-01  3.27392E-01  9.99832E-01  8.1E-02  1.0001E+01
   3.60000E+04  2.77382E-01  8.89113E-02  3.20538E-01  3.20600E-01  9.99806E-01  8.2E-02  1.0001E+01
   3.65000E+04  2.73136E-01  8.56334E-02  3.13519E-01  3.13575E-01  9.99822E-01  8.2E-02  1.0001E+01
   3.70000E+04  2.69078E-01  8.24645E-02  3.06470E-01  3.06520E-01  9.99838E-01  8.3E-02  1.0001E+01
   3.75000E+04  2.65230E-01  7.94872E-02  2.99692E-01  2.99748E-01  9.99812E-01  8.5E-02  1.0001E+01
   3.80000E+04  2.61577E-01  7.65798E-02  2.92762E-01  2.92816E-01  9.99817E-01  8.6E-02  1.0001E+01
   3.85000E+04  2.58107E-01  7.41258E-02  2.87190E-01  2.87244E-01  9.99814E-01  8.3E-02  1.0001E+01
   3.90000E+04  2.54809E-01  7.16376E-02  2.81142E-01  2.81193E-01  9.99821E-01  8.4E-02  1.0001E+01
   3.95000E+04  2.51669E-01  6.92421E-02  2.75132E-01  2.75181E-01  9.99820E-01  8.5E-02  1.0001E+01
   4.00000E+04  2.48634E-01  6.69968E-02  2.69460E-01  2.69513E-01  9.99802E-01  8.5E-02  1.0001E+01
   4.05000E+04  2.45728E-01  6.49389E-02  2.64272E-01  2.64323E-01  9.99805E-01  8.6E-02  1.0001E+01
   4.10000E+04  2.42955E-01  6.31260E-02  2.59825E-01  2.59870E-01  9.99827E-01  8.6E-02  1.0001E+01
   4.15000E+04  2.40310E-01  6.10914E-02  2.54219E-01  2.54267E-01  9.99810E-01  8.7E-02  1.0001E+01
   4.20000E+04  2.37784E-01  5.93348E-02  2.49532E-01  2.49581E-01  9.99804E-01  8.8E-02  1.0001E+01
   4.25000E+04  2.35371E-01  5.76114E-02  2.44769E-01  2.44813E-01  9.99820E-01  8.9E-02  1.0001E+01
   4.30000E+04  2.33063E-01  5.59429E-02  2.40033E-01  2.40077E-01  9.99818E-01  8.9E-02  1.0001E+01
   4.35000E+04  2.30823E-01  5.44575E-02  2.35927E-01  2.35977E-01  9.99789E-01  8.9E-02  1.0001E+01
   4.40000E+04  2.28673E-01  5.30167E-02  2.31845E-01  2.31893E-01  9.99794E-01  8.9E-02  1.0001E+01
   4.45000E+04  2.26613E-01  5.16533E-02  2.27937E-01  2.27979E-01  9.99815E-01  8.9E-02  1.0001E+01
   4.50000E+04  2.24637E-01  5.02897E-02  2.23871E-01  2.23914E-01  9.99806E-01  8.8E-02  1.0001E+01
   4.55000E+04  2.22739E-01  4.92344E-02  2.21041E-01  2.21086E-01  9.99795E-01  8.8E-02  1.0001E+01
   4.60000E+04  2.20917E-01  4.80442E-02  2.17476E-01  2.17519E-01  9.99805E-01  8.8E-02  1.0001E+01
   4.65000E+04  2.19167E-01  4.69089E-02  2.14033E-01  2.14072E-01  9.99818E-01  8.8E-02  1.0001E+01
   4.70000E+04  2.17475E-01  4.58194E-02  2.10688E-01  2.10728E-01  9.99808E-01  8.8E-02  1.0001E+01
   4.75000E+04  2.15821E-01  4.47632E-02  2.07409E-01  2.07448E-01  9.99813E-01  8.8E-02  1.0001E+01
   4.80000E+04  2.14229E-01  4.37607E-02  2.04271E-01  2.04311E-01  9.99805E-01  8.8E-02  1.0001E+01
   4.85000E+04  2.12696E-01  4.28769E-02  2.01588E-01  2.01631E-01  9.99790E-01  8.8E-02  1.0001E+01
   4.90000E+04  2.11218E-01  4.19520E-02  1.98620E-01  1.98661E-01  9.99795E-01  8.7E-02  1.0001E+01
   4.95000E+04  2.09792E-01  4.10963E-02  1.95890E-01  1.95929E-01  9.99800E-01  8.8E-02  1.0001E+01
   5.00000E+04  2.08417E-01  4.03028E-02  1.93376E-01  1.93417E-01  9.99787E-01  8.9E-02  1.0001E+01
   5.05000E+04  2.07090E-01  3.96371E-02  1.91401E-01  1.91439E-01  9.99799E-01  9.1E-02  1.0001E+01
   5.10000E+04  2.05808E-01  3.88870E-02  1.88948E-01  1.88985E-01  9.99803E-01  9.1E-02  1.0001E+01
   5.15000E+04  2.04543E-01  3.81657E-02  1.86590E-01  1.86626E-01  9.99808E-01  9.0E-02  1.0001E+01
   5.20000E+04  2.03320E-01  3.74834E-02  1.84357E-01  1.84394E-01  9.99798E-01  8.9E-02  1.0001E+01
   5.25000E+04  2.02137E-01  3.68630E-02  1.82366E-01  1.82402E-01  9.99802E-01  8.8E-02  1.0001E+01
   5.30000E+04  2.00993E-01  3.62450E-02  1.80329E-01  1.80364E-01  9.99807E-01  8.8E-02  1.0001E+01
   5.35000E+04  1.99886E-01  3.56524E-02  1.78363E-01  1.78395E-01  9.99824E-01  8.8E-02  1.0001E+01
   5.40000E+04  1.98814E-01  3.51124E-02  1.76609E-01  1.76643E-01  9.99807E-01  8.8E-02  1.0001E+01
   5.45000E+04  1.97776E-01  3.45626E-02  1.74756E-01  1.74790E-01  9.99805E-01  8.7E-02  1.0001E+01
   5.50000E+04  1.96770E-01  3.40783E-02  1.73189E-01  1.73219E-01  9.99825E-01  8.7E-02  1.0001E+01
   5.55000E+04  1.95793E-01  3.36199E-02  1.71711E-01  1.71742E-01  9.99819E-01  8.7E-02  1.0001E+01
   5.60000E+04  1.94823E-01  3.31739E-02  1.70278E-01  1.70308E-01  9.99819E-01  8.7E-02  1.0001E+01
   5.65000E+04  1.93879E-01  3.26772E-02  1.68544E-01  1.68574E-01  9.99824E-01  8.7E-02  1.0001E+01
   5.70000E+04  1.92961E-01  3.22965E-02  1.67373E-01  1.67403E-01  9.99825E-01  8.6E-02  1.0001E+01
   5.75000E+04  1.92069E-01  3.18953E-02  1.66061E-01  1.66090E-01  9.99828E-01  8.6E-02  1.0001E+01
   5.80000E+04  1.91203E-01  3.14117E-02  1.64285E-01  1.64314E-01  9.99822E-01  8.5E-02  1.0001E+01
   5.85000E+04  1.90361E-01  3.10658E-02  1.63194E-01  1.63224E-01  9.99819E-01  8.5E-02  1.0001E+01
   5.90000E+04  1.89541E-01  3.07452E-02  1.62209E-01  1.62236E-01  9.99835E-01  8.5E-02  1.0001E+01
   5.95000E+04  1.88744E-01  3.03660E-02  1.60885E-01  1.60914E-01  9.99819E-01  8.4E-02  1.0001E+01
   6.00000E+04  1.87968E-01  3.00756E-02  1.60004E-01  1.60028E-01  9.99848E-01  8.4E-02  1.0001E+01
   6.05000E+04  1.87205E-01  2.97447E-02  1.58888E-01  1.58917E-01  9.99823E-01  8.2E-02  1.0001E+01
   6.10000E+04  1.86447E-01  2.94008E-02  1.57690E-01  1.57714E-01  9.99851E-01  8.1E-02  1.0001E+01
   6.15000E+04  1.85708E-01  2.91644E-02  1.57044E-01  1.57070E-01  9.99839E-01  8.1E-02  1.0001E+01
   6.20000E+04  1.84988E-01  2.88656E-02  1.56040E-01  1.56066E-01  9.99833E-01  8.1E-02  1.0001E+01
   6.25000E+04  1.84286E-01  2.85413E-02  1.54875E-01  1.54901E-01  9.99834E-01  8.0E-02  1.0001E+01
   6.30000E+04  1.83601E-01  2.83703E-02  1.54521E-01  1.54546E-01  9.99838E-01  8.0E-02  1.0001E+01
   6.35000E+04  1.82934E-01  2.81052E-02  1.53636E-01  1.53661E-01  9.99838E-01  7.9E-02  1.0001E+01
   6.40000E+04  1.82282E-01  2.78470E-02  1.52769E-01  1.52789E-01  9.99865E-01  7.9E-02  1.0001E+01
   6.45000E+04  1.81646E-01  2.76318E-02  1.52119E-01  1.52141E-01  9.99854E-01  7.8E-02  1.0001E+01
   6.50000E+04  1.81027E-01  2.74154E-02  1.51444E-01  1.51470E-01  9.99833E-01  7.7E-02  1.0001E+01
   6.55000E+04  1.80423E-01  2.72057E-02  1.50789E-01  1.50813E-01  9.99842E-01  7.7E-02  1.0001E+01
   6.60000E+04  1.79821E-01  2.70006E-02  1.50153E-01  1.50175E-01  9.99852E-01  7.7E-02  1.0001E+01
   6.65000E+04  1.79225E-01  2.68118E-02  1.49598E-01  1.49620E-01  9.99852E-01  7.5E-02  1.0001E+01
   6.70000E+04  1.78643E-01  2.66441E-02  1.49147E-01  1.49169E-01  9.99857E-01  7.5E-02  1.0001E+01
   6.75000E+04  1.78073E-01  2.64769E-02  1.48685E-01  1.48708E-01  9.99850E-01  7.4E-02  1.0001E+01
   6.80000E+04  1.77516E-01  2.63188E-02  1.48261E-01  1.48284E-01  9.99848E-01  7.4E-02  1.0001E+01
   6.85000E+04  1.76971E-01  2.61697E-02  1.47876E-01  1.47897E-01  9.99860E-01  7.3E-02  1.0001E+01
   6.90000E+04  1.76435E-01  2.60025E-02  1.47377E-01  1.47398E-01  9.99853E-01  7.3E-02  1.0001E+01
   6.95000E+04  1.75911E-01  2.58700E-02  1.47063E-01  1.47084E-01  9.99858E-01  7.2E-02  1.0001E+01
   7.00000E+04  1.75397E-01  2.57324E-02  1.46710E-01  1.46730E-01  9.99864E-01  7.2E-02  1.0001E+01
   7.05000E+04  1.74893E-01  2.55641E-02  1.46170E-01  1.46190E-01  9.99865E-01  7.0E-02  1.0001E+01
   7.10000E+04  1.74398E-01  2.54761E-02  1.46080E-01  1.46100E-01  9.99864E-01  7.0E-02  1.0001E+01
   7.15000E+04  1.73913E-01  2.53447E-02  1.45732E-01  1.45752E-01  9.99864E-01  6.9E-02  1.0001E+01
   7.20000E+04  1.73421E-01  2.52340E-02  1.45507E-01  1.45527E-01  9.99862E-01  6.9E-02  1.0001E+01
   7.25000E+04  1.72939E-01  2.51347E-02  1.45339E-01  1.45359E-01  9.99862E-01  6.8E-02  1.0001E+01
   7.30000E+04  1.72465E-01  2.50019E-02  1.44968E-01  1.44987E-01  9.99864E-01  6.8E-02  1.0001E+01
   7.35000E+04  1.72001E-01  2.48946E-02  1.44735E-01  1.44754E-01  9.99873E-01  6.8E-02  1.0001E+01
   7.40000E+04  1.71545E-01  2.48035E-02  1.44589E-01  1.44608E-01  9.99868E-01  6.7E-02  1.0001E+01
   7.45000E+04  1.71098E-01  2.46927E-02  1.44320E-01  1.44337E-01  9.99883E-01  6.6E-02  1.0001E+01
   7.50000E+04  1.70658E-01  2.45786E-02  1.44023E-01  1.44042E-01  9.99867E-01  6.6E-02  1.0001E+01
   7.55000E+04  1.70227E-01  2.45177E-02  1.44030E-01  1.44048E-01  9.99876E-01  6.5E-02  1.0001E+01
   7.60000E+04  1.69803E-01  2.44231E-02  1.43832E-01  1.43848E-01  9.99887E-01  6.5E-02  1.0001E+01
   7.65000E+04  1.69387E-01  2.43701E-02  1.43872E-01  1.43892E-01  9.99864E-01  6.4E-02  1.0001E+01
   7.70000E+04  1.68978E-01  2.43017E-02  1.43816E-01  1.43832E-01  9.99887E-01  6.4E-02  1.0001E+01
   7.75000E+04  1.68576E-01  2.42234E-02  1.43694E-01  1.43712E-01  9.99874E-01  6.3E-02  1.0001E+01
   7.80000E+04  1.68174E-01  2.41557E-02  1.43635E-01  1.43652E-01  9.99877E-01  6.3E-02  1.0001E+01
   7.85000E+04  1.67771E-01  2.40736E-02  1.43491E-01  1.43508E-01  9.99878E-01  6.3E-02  1.0001E+01
   7.90000E+04  1.67375E-01  2.40085E-02  1.43442E-01  1.43458E-01  9.99886E-01  6.2E-02  1.0001E+01
   7.95000E+04  1.66984E-01  2.39700E-02  1.43547E-01  1.43563E-01  9.99883E-01  6.2E-02  1.0001E+01
   8.00000E+04  1.66600E-01  2.39005E-02  1.43460E-01  1.43476E-01  9.99885E-01  6.1E-02  1.0001E+01
   8.05000E+04  1.66223E-01  2.38518E-02  1.43493E-01  1.43508E-01  9.99897E-01  6.1E-02  1.0001E+01
   8.10000E+04  1.65851E-01  2.38047E-02  1.43531E-01  1.43546E-01  9.99893E-01  6.0E-02  1.0001E+01
   8.15000E+04  1.65485E-01  2.37422E-02  1.43470E-01  1.43486E-01  9.99894E-01  6.0E-02  1.0001E+01
   8.20000E+04  1.65124E-01  2.36758E-02  1.43382E-01  1.43397E-01  9.99894E-01  5.9E-02  1.0001E+01
   8.25000E+04  1.64769E-01  2.37066E-02  1.43878E-01  1.43891E-01  9.99903E-01  5.8E-02  1.0001E+01
   8.30000E+04  1.64419E-01  2.36384E-02  1.43769E-01  1.43784E-01  9.99893E-01  5.8E-02  1.0001E+01
   8.35000E+04  1.64075E-01  2.35648E-02  1.43622E-01  1.43636E-01  9.99905E-01  5.7E-02  1.0001E+01
   8.40000E+04  1.63735E-01  2.35484E-02  1.43820E-01  1.43832E-01  9.99913E-01  5.7E-02  1.0001E+01
   8.45000E+04  1.63400E-01  2.35122E-02  1.43893E-01  1.43908E-01  9.99899E-01  5.7E-02  1.0001E+01
   8.50000E+04  1.63060E-01  2.34570E-02  1.43855E-01  1.43869E-01  9.99901E-01  5.7E-02  1.0001E+01
   8.55000E+04  1.62722E-01  2.34292E-02  1.43983E-01  1.43997E-01  9.99903E-01  5.7E-02  1.0001E+01
   8.60000E+04  1.62387E-01  2.34150E-02  1.44192E-01  1.44206E-01  9.99904E-01  5.6E-02  1.0001E+01
   8.65000E+04  1.62058E-01  2.33919E-02  1.44343E-01  1.44356E-01  9.99908E-01  5.6E-02  1.0001E+01
   8.70000E+04  1.61733E-01  2.33803E-02  1.44561E-01  1.44574E-01  9.99906E-01  5.5E-02  1.0001E+01
   8.75000E+04  1.61412E-01  2.33422E-02  1.44612E-01  1.44625E-01  9.99910E-01  5.5E-02  1.0001E+01
   8.80000E+04  1.61096E-01  2.32998E-02  1.44633E-01  1.44647E-01  9.99904E-01  5.4E-02  1.0001E+01
   8.85000E+04  1.60784E-01  2.32903E-02  1.44855E-01  1.44868E-01  9.99907E-01  5.4E-02  1.0001E+01
   8.90000E+04  1.60475E-01  2.32896E-02  1.45129E-01  1.45143E-01  9.99903E-01  5.4E-02  1.0001E+01
   8.95000E+04  1.60171E-01  2.32287E-02  1.45024E-01  1.45036E-01  9.99917E-01  5.3E-02  1.0001E+01
   9.00000E+04  1.59871E-01  2.32365E-02  1.45345E-01  1.45357E-01  9.99920E-01  5.3E-02  1.0001E+01
   9.05000E+04  1.59575E-01  2.32418E-02  1.45648E-01  1.45659E-01  9.99926E-01  5.3E-02  1.0001E+01
   9.10000E+04  1.59282E-01  2.32061E-02  1.45692E-01  1.45704E-01  9.99917E-01  5.2E-02  1.0001E+01
   9.15000E+04  1.58993E-01  2.31933E-02  1.45876E-01  1.45887E-01  9.99922E-01  5.2E-02  1.0001E+01
   9.20000E+04  1.58708E-01  2.32133E-02  1.46264E-01  1.46276E-01  9.99923E-01  5.2E-02  1.0001E+01
   9.25000E+04  1.58417E-01  2.31594E-02  1.46193E-01  1.46204E-01  9.99921E-01  5.2E-02  1.0001E+01
   9.30000E+04  1.58127E-01  2.31929E-02  1.46672E-01  1.46685E-01  9.99916E-01  5.1E-02  1.0001E+01
   9.35000E+04  1.57841E-01  2.31715E-02  1.46803E-01  1.46816E-01  9.99914E-01  5.0E-02  1.0001E+01
   9.40000E+04  1.57558E-01  2.31496E-02  1.46928E-01  1.46937E-01  9.99933E-01  5.1E-02  1.0001E+01
   9.45000E+04  1.57278E-01  2.31642E-02  1.47282E-01  1.47294E-01  9.99920E-01  5.0E-02  1.0001E+01
   9.50000E+04  1.57002E-01  2.31647E-02  1.47544E-01  1.47556E-01  9.99920E-01  5.0E-02  1.0001E+01
   9.55000E+04  1.56728E-01  2.31385E-02  1.47634E-01  1.47645E-01  9.99929E-01  4.9E-02  1.0001E+01
   9.60000E+04  1.56458E-01  2.31484E-02  1.47953E-01  1.47966E-01  9.99910E-01  4.9E-02  1.0001E+01
   9.65000E+04  1.56191E-01  2.31451E-02  1.48184E-01  1.48194E-01  9.99934E-01  4.9E-02  1.0001E+01
   9.70000E+04  1.55927E-01  2.31423E-02  1.48417E-01  1.48429E-01  9.99921E-01  4.8E-02  1.0001E+01
   9.75000E+04  1.55666E-01  2.31468E-02  1.48695E-01  1.48704E-01  9.99938E-01  4.8E-02  1.0001E+01
   9.80000E+04  1.55408E-01  2.31522E-02  1.48977E-01  1.48988E-01  9.99929E-01  4.8E-02  1.0001E+01
   9.85000E+04  1.55152E-01  2.31570E-02  1.49253E-01  1.49265E-01  9.99923E-01  4.8E-02  1.0001E+01
   9.90000E+04  1.54900E-01  2.31676E-02  1.49565E-01  1.49577E-01  9.99926E-01  4.7E-02  1.0001E+01
   9.95000E+04  1.54650E-01  2.31617E-02  1.49769E-01  1.49778E-01  9.99939E-01  4.7E-02  1.0001E+01
   1.00000E+05  1.54402E-01  2.31574E-02  1.49981E-01  1.49991E-01  9.99933E-01  4.7E-02  1.0001E+01
   1.00500E+05  1.54152E-01  2.31388E-02  1.50104E-01  1.50113E-01  9.99941E-01  4.6E-02  1.0001E+01
   1.01000E+05  1.53900E-01  2.31640E-02  1.50514E-01  1.50523E-01  9.99937E-01  4.6E-02  1.0001E+01
   1.01500E+05  1.53650E-01  2.31723E-02  1.50813E-01  1.50822E-01  9.99940E-01  4.6E-02  1.0001E+01
   1.02000E+05  1.53403E-01  2.31850E-02  1.51138E-01  1.51146E-01  9.99945E-01  4.7E-02  1.0001E+01
   1.02500E+05  1.53158E-01  2.31809E-02  1.51353E-01  1.51363E-01  9.99934E-01  4.6E-02  1.0001E+01
   1.03000E+05  1.52916E-01  2.31898E-02  1.51651E-01  1.51660E-01  9.99938E-01  4.6E-02  1.0001E+01
   1.03500E+05  1.52676E-01  2.31870E-02  1.51871E-01  1.51880E-01  9.99939E-01  4.6E-02  1.0001E+01
   1.04000E+05  1.52439E-01  2.32150E-02  1.52290E-01  1.52299E-01  9.99944E-01  4.5E-02  1.0001E+01
   1.04500E+05  1.52204E-01  2.32077E-02  1.52478E-01  1.52487E-01  9.99944E-01  4.5E-02  1.0001E+01
   1.05000E+05  1.51971E-01  2.32226E-02  1.52810E-01  1.52820E-01  9.99934E-01  4.5E-02  1.0001E+01
   1.05500E+05  1.51740E-01  2.32375E-02  1.53141E-01  1.53151E-01  9.99931E-01  4.5E-02  1.0001E+01
   1.06000E+05  1.51511E-01  2.32471E-02  1.53434E-01  1.53443E-01  9.99944E-01  4.4E-02  1.0001E+01
   1.06500E+05  1.51285E-01  2.32515E-02  1.53694E-01  1.53703E-01  9.99943E-01  4.4E-02  1.0001E+01
   1.07000E+05  1.51060E-01  2.32694E-02  1.54041E-01  1.54050E-01  9.99939E-01  4.4E-02  1.0001E+01
   1.07500E+05  1.50838E-01  2.32988E-02  1.54463E-01  1.54470E-01  9.99953E-01  4.4E-02  1.0001E+01
   1.08000E+05  1.50617E-01  2.32862E-02  1.54605E-01  1.54613E-01  9.99946E-01  4.3E-02  1.0001E+01
   1.08500E+05  1.50399E-01  2.32992E-02  1.54916E-01  1.54925E-01  9.99944E-01  4.3E-02  1.0001E+01
   1.09000E+05  1.50182E-01  2.33117E-02  1.55223E-01  1.55233E-01  9.99935E-01  4.3E-02  1.0001E+01
   1.09500E+05  1.49959E-01  2.33293E-02  1.55571E-01  1.55581E-01  9.99937E-01  4.3E-02  1.0001E+01
   1.10000E+05  1.49738E-01  2.33446E-02  1.55904E-01  1.55912E-01  9.99944E-01  4.3E-02  1.0001E+01
   1.10500E+05  1.49518E-01  2.33670E-02  1.56282E-01  1.56291E-01  9.99947E-01  4.2E-02  1.0001E+01
   1.11000E+05  1.49300E-01  2.33809E-02  1.56603E-01  1.56612E-01  9.99946E-01  4.2E-02  1.0001E+01
   1.11500E+05  1.49084E-01  2.33912E-02  1.56899E-01  1.56907E-01  9.99950E-01  4.2E-02  1.0001E+01
   1.12000E+05  1.48870E-01  2.34078E-02  1.57237E-01  1.57244E-01  9.99953E-01  4.2E-02  1.0001E+01
   1.12500E+05  1.48658E-01  2.34413E-02  1.57687E-01  1.57694E-01  9.99954E-01  4.2E-02  1.0001E+01
   1.13000E+05  1.48447E-01  2.34352E-02  1.57869E-01  1.57877E-01  9.99947E-01  4.2E-02  1.0001E+01
   1.13500E+05  1.48239E-01  2.34481E-02  1.58178E-01  1.58185E-01  9.99953E-01  4.1E-02  1.0001E+01
   1.14000E+05  1.48032E-01  2.34695E-02  1.58544E-01  1.58553E-01  9.99944E-01  4.1E-02  1.0001E+01
   1.14500E+05  1.47826E-01  2.34858E-02  1.58874E-01  1.58882E-01  9.99948E-01  4.0E-02  1.0001E+01
   1.15000E+05  1.47623E-01  2.35008E-02  1.59194E-01  1.59201E-01  9.99957E-01  4.0E-02  1.0001E+01
   1.15500E+05  1.47421E-01  2.35427E-02  1.59697E-01  1.59704E-01  9.99954E-01  4.0E-02  1.0001E+01
   1.16000E+05  1.47221E-01  2.35150E-02  1.59726E-01  1.59733E-01  9.99954E-01  4.0E-02  1.0001E+01
   1.16500E+05  1.47022E-01  2.35494E-02  1.60176E-01  1.60184E-01  9.99950E-01  4.0E-02  1.0001E+01
   1.17000E+05  1.46825E-01  2.35629E-02  1.60482E-01  1.60490E-01  9.99955E-01  4.0E-02  1.0001E+01
   1.17500E+05  1.46630E-01  2.35845E-02  1.60843E-01  1.60853E-01  9.99941E-01  3.9E-02  1.0001E+01
   1.18000E+05  1.46436E-01  2.36010E-02  1.61169E-01  1.61176E-01  9.99958E-01  3.9E-02  1.0001E+01
   1.18500E+05  1.46244E-01  2.36296E-02  1.61576E-01  1.61585E-01  9.99944E-01  4.0E-02  1.0001E+01
   1.19000E+05  1.46048E-01  2.36447E-02  1.61897E-01  1.61905E-01  9.99953E-01  4.0E-02  1.0001E+01
   1.19500E+05  1.45851E-01  2.36466E-02  1.62129E-01  1.62136E-01  9.99956E-01  4.0E-02  1.0001E+01
   1.20000E+05  1.45655E-01  2.36817E-02  1.62588E-01  1.62595E-01  9.99951E-01  3.9E-02  1.0001E+01
