#  Photon mass energy-absorption coefficients from PENELOPE
#  Material data file:      aluminum.mat        
#  Mass density= 2.698900E+00 g/cm**3
# 
#  Tolerance = 1.000000E-01 %
#  Allotted simulation time = 1.000000E+02 s
#  Dump period= 1.000000E+01 s
#
#    Energy       mu/rho      mu_en/rho     (1-g)*f        f            1-g      uncert.      T
#     (eV)       (cm**2/g)    (cm**2/g)                                            (%)       (s)
# ---------------------------------------------------------------------------------------------------
   1.00000E+03  1.07223E+03  1.07044E+03  9.98329E-01  9.98329E-01  1.00000E+00  1.4E-03  1.0001E+01
   1.50000E+03  3.66796E+02  3.65811E+02  9.97315E-01  9.97315E-01  1.00000E+00  2.5E-03  1.0001E+01
   2.00000E+03  2.25695E+03  2.19755E+03  9.73681E-01  9.73681E-01  1.00000E+00  5.1E-03  1.0001E+01
   2.50000E+03  1.27085E+03  1.24293E+03  9.78037E-01  9.78037E-01  1.00000E+00  4.2E-03  1.0001E+01
   3.00000E+03  7.83919E+02  7.68848E+02  9.80774E-01  9.80774E-01  1.00000E+00  3.7E-03  1.0001E+01
   3.50000E+03  5.16496E+02  5.07351E+02  9.82295E-01  9.82295E-01  1.00000E+00  3.4E-03  1.0001E+01
   4.00000E+03  3.57797E+02  3.51745E+02  9.83086E-01  9.83086E-01  1.00000E+00  3.4E-03  1.0001E+01
   4.50000E+03  2.57804E+02  2.53511E+02  9.83348E-01  9.83351E-01  9.99997E-01  3.5E-03  1.0001E+01
   5.00000E+03  1.91742E+02  1.88507E+02  9.83129E-01  9.83137E-01  9.99992E-01  3.7E-03  1.0001E+01
   5.50000E+03  1.46387E+02  1.43834E+02  9.82560E-01  9.82568E-01  9.99991E-01  3.9E-03  1.0001E+01
   6.00000E+03  1.14238E+02  1.12145E+02  9.81685E-01  9.81698E-01  9.99987E-01  4.3E-03  1.0001E+01
   6.50000E+03  9.07550E+01  8.89957E+01  9.80615E-01  9.80630E-01  9.99985E-01  4.5E-03  1.0001E+01
   7.00000E+03  7.33576E+01  7.18425E+01  9.79347E-01  9.79403E-01  9.99943E-01  6.3E-03  1.0001E+01
   7.50000E+03  6.00569E+01  5.87337E+01  9.77967E-01  9.78028E-01  9.99938E-01  6.7E-03  1.0001E+01
   8.00000E+03  4.98178E+01  4.86361E+01  9.76279E-01  9.76398E-01  9.99878E-01  8.3E-03  1.0001E+01
   8.50000E+03  4.17408E+01  4.06685E+01  9.74310E-01  9.74481E-01  9.99825E-01  9.9E-03  1.0001E+01
   9.00000E+03  3.53362E+01  3.43636E+01  9.72474E-01  9.72651E-01  9.99818E-01  1.0E-02  1.0001E+01
   9.50000E+03  3.01563E+01  2.92694E+01  9.70589E-01  9.70819E-01  9.99763E-01  1.1E-02  1.0001E+01
   1.00000E+04  2.59517E+01  2.51302E+01  9.68345E-01  9.68611E-01  9.99725E-01  1.3E-02  1.0001E+01
   1.05000E+04  2.24815E+01  2.17197E+01  9.66112E-01  9.66369E-01  9.99734E-01  1.3E-02  1.0001E+01
   1.10000E+04  1.96104E+01  1.89019E+01  9.63872E-01  9.64176E-01  9.99685E-01  1.4E-02  1.0001E+01
   1.15000E+04  1.71996E+01  1.65353E+01  9.61377E-01  9.61715E-01  9.99648E-01  1.6E-02  1.0001E+01
   1.20000E+04  1.51727E+01  1.45414E+01  9.58390E-01  9.58727E-01  9.99649E-01  1.6E-02  1.0001E+01
   1.25000E+04  1.34570E+01  1.28623E+01  9.55806E-01  9.56172E-01  9.99617E-01  1.7E-02  1.0001E+01
   1.30000E+04  1.19854E+01  1.14173E+01  9.52601E-01  9.52991E-01  9.99591E-01  1.9E-02  1.0001E+01
   1.35000E+04  1.07239E+01  1.01860E+01  9.49839E-01  9.50255E-01  9.99563E-01  2.0E-02  1.0001E+01
   1.40000E+04  9.63672E+00  9.11964E+00  9.46342E-01  9.46769E-01  9.99549E-01  2.0E-02  1.0001E+01
   1.45000E+04  8.69036E+00  8.19511E+00  9.43011E-01  9.43466E-01  9.99518E-01  2.2E-02  1.0001E+01
   1.50000E+04  7.86669E+00  7.38962E+00  9.39357E-01  9.39842E-01  9.99483E-01  2.3E-02  1.0001E+01
   1.55000E+04  7.14240E+00  6.68660E+00  9.36184E-01  9.36699E-01  9.99451E-01  2.4E-02  1.0001E+01
   1.60000E+04  6.50641E+00  6.06578E+00  9.32277E-01  9.32815E-01  9.99423E-01  2.5E-02  1.0001E+01
   1.65000E+04  5.94587E+00  5.52076E+00  9.28504E-01  9.29007E-01  9.99459E-01  2.6E-02  1.0001E+01
   1.70000E+04  5.44994E+00  5.03656E+00  9.24150E-01  9.24708E-01  9.99396E-01  2.7E-02  1.0001E+01
   1.75000E+04  5.00948E+00  4.60771E+00  9.19799E-01  9.20351E-01  9.99400E-01  2.8E-02  1.0001E+01
   1.80000E+04  4.61445E+00  4.22412E+00  9.15412E-01  9.15991E-01  9.99368E-01  3.0E-02  1.0001E+01
   1.85000E+04  4.26154E+00  3.88197E+00  9.10932E-01  9.11518E-01  9.99356E-01  3.1E-02  1.0001E+01
   1.90000E+04  3.94519E+00  3.57772E+00  9.06858E-01  9.07494E-01  9.99299E-01  3.3E-02  1.0001E+01
   1.95000E+04  3.66077E+00  3.29886E+00  9.01138E-01  9.01730E-01  9.99343E-01  3.3E-02  1.0001E+01
   2.00000E+04  3.40436E+00  3.05554E+00  8.97535E-01  8.98180E-01  9.99282E-01  3.4E-02  1.0001E+01
   2.05000E+04  3.17147E+00  2.82825E+00  8.91782E-01  8.92427E-01  9.99277E-01  3.5E-02  1.0001E+01
   2.10000E+04  2.96054E+00  2.62551E+00  8.86834E-01  8.87487E-01  9.99264E-01  3.6E-02  1.0001E+01
   2.15000E+04  2.76907E+00  2.44215E+00  8.81940E-01  8.82596E-01  9.99257E-01  3.8E-02  1.0001E+01
   2.20000E+04  2.59485E+00  2.27157E+00  8.75412E-01  8.76094E-01  9.99221E-01  3.9E-02  1.0001E+01
   2.25000E+04  2.43521E+00  2.12011E+00  8.70606E-01  8.71289E-01  9.99215E-01  3.9E-02  1.0001E+01
   2.30000E+04  2.28938E+00  1.97984E+00  8.64791E-01  8.65487E-01  9.99196E-01  4.0E-02  1.0001E+01
   2.35000E+04  2.15592E+00  1.85112E+00  8.58620E-01  8.59313E-01  9.99194E-01  4.2E-02  1.0001E+01
   2.40000E+04  2.03351E+00  1.73406E+00  8.52744E-01  8.53445E-01  9.99178E-01  4.3E-02  1.0001E+01
   2.45000E+04  1.92098E+00  1.62747E+00  8.47209E-01  8.47925E-01  9.99157E-01  4.4E-02  1.0001E+01
   2.50000E+04  1.81733E+00  1.52788E+00  8.40726E-01  8.41470E-01  9.99116E-01  4.6E-02  1.0001E+01
   2.55000E+04  1.72088E+00  1.43604E+00  8.34481E-01  8.35232E-01  9.99101E-01  4.7E-02  1.0001E+01
   2.60000E+04  1.63186E+00  1.35246E+00  8.28782E-01  8.29524E-01  9.99106E-01  4.8E-02  1.0001E+01
   2.65000E+04  1.54953E+00  1.27272E+00  8.21357E-01  8.22081E-01  9.99119E-01  4.8E-02  1.0001E+01
   2.70000E+04  1.47332E+00  1.20087E+00  8.15076E-01  8.15804E-01  9.99108E-01  4.9E-02  1.0001E+01
   2.75000E+04  1.40278E+00  1.13490E+00  8.09036E-01  8.09772E-01  9.99091E-01  5.1E-02  1.0001E+01
   2.80000E+04  1.33764E+00  1.07384E+00  8.02790E-01  8.03543E-01  9.99063E-01  5.2E-02  1.0001E+01
   2.85000E+04  1.27702E+00  1.01508E+00  7.94882E-01  7.95646E-01  9.99040E-01  5.4E-02  1.0001E+01
   2.90000E+04  1.22055E+00  9.62178E-01  7.88314E-01  7.89092E-01  9.99015E-01  5.4E-02  1.0001E+01
   2.95000E+04  1.16785E+00  9.13018E-01  7.81791E-01  7.82573E-01  9.99001E-01  5.6E-02  1.0001E+01
   3.00000E+04  1.11863E+00  8.66037E-01  7.74194E-01  7.74972E-01  9.98996E-01  5.7E-02  1.0001E+01
   3.05000E+04  1.07219E+00  8.22246E-01  7.66882E-01  7.67664E-01  9.98981E-01  5.9E-02  1.0001E+01
   3.10000E+04  1.02873E+00  7.80934E-01  7.59121E-01  7.59861E-01  9.99027E-01  5.8E-02  1.0001E+01
   3.15000E+04  9.88020E-01  7.44679E-01  7.53709E-01  7.54484E-01  9.98972E-01  5.9E-02  1.0001E+01
   3.20000E+04  9.49857E-01  7.07673E-01  7.45032E-01  7.45810E-01  9.98956E-01  6.1E-02  1.0001E+01
   3.25000E+04  9.14049E-01  6.74406E-01  7.37822E-01  7.38607E-01  9.98938E-01  6.2E-02  1.0001E+01
   3.30000E+04  8.80418E-01  6.44281E-01  7.31790E-01  7.32566E-01  9.98941E-01  6.3E-02  1.0001E+01
   3.35000E+04  8.48791E-01  6.14424E-01  7.23881E-01  7.24647E-01  9.98943E-01  6.4E-02  1.0001E+01
   3.40000E+04  8.18987E-01  5.87571E-01  7.17437E-01  7.18226E-01  9.98901E-01  6.5E-02  1.0001E+01
   3.45000E+04  7.90912E-01  5.61053E-01  7.09374E-01  7.10153E-01  9.98904E-01  6.6E-02  1.0001E+01
   3.50000E+04  7.64419E-01  5.36126E-01  7.01351E-01  7.02125E-01  9.98898E-01  6.8E-02  1.0001E+01
   3.55000E+04  7.39278E-01  5.13588E-01  6.94716E-01  6.95499E-01  9.98874E-01  6.9E-02  1.0001E+01
   3.60000E+04  7.15541E-01  4.91549E-01  6.86962E-01  6.87710E-01  9.98912E-01  6.8E-02  1.0001E+01
   3.65000E+04  6.93097E-01  4.71532E-01  6.80326E-01  6.81064E-01  9.98916E-01  6.9E-02  1.0001E+01
   3.70000E+04  6.71835E-01  4.52357E-01  6.73316E-01  6.74074E-01  9.98876E-01  7.0E-02  1.0001E+01
   3.75000E+04  6.51710E-01  4.33350E-01  6.64943E-01  6.65700E-01  9.98864E-01  7.1E-02  1.0001E+01
   3.80000E+04  6.32646E-01  4.15683E-01  6.57054E-01  6.57813E-01  9.98847E-01  7.2E-02  1.0001E+01
   3.85000E+04  6.14574E-01  4.00074E-01  6.50978E-01  6.51714E-01  9.98871E-01  7.3E-02  1.0001E+01
   3.90000E+04  5.97429E-01  3.83902E-01  6.42589E-01  6.43362E-01  9.98799E-01  7.4E-02  1.0001E+01
   3.95000E+04  5.81129E-01  3.69004E-01  6.34977E-01  6.35753E-01  9.98779E-01  7.5E-02  1.0001E+01
   4.00000E+04  5.65584E-01  3.54992E-01  6.27656E-01  6.28393E-01  9.98828E-01  7.7E-02  1.0001E+01
   4.05000E+04  5.50747E-01  3.42015E-01  6.21002E-01  6.21756E-01  9.98788E-01  7.8E-02  1.0001E+01
   4.10000E+04  5.36635E-01  3.29329E-01  6.13692E-01  6.14443E-01  9.98777E-01  7.9E-02  1.0001E+01
   4.15000E+04  5.23204E-01  3.17637E-01  6.07100E-01  6.07852E-01  9.98763E-01  7.9E-02  1.0001E+01
   4.20000E+04  5.10412E-01  3.06492E-01  6.00479E-01  6.01222E-01  9.98765E-01  7.8E-02  1.0001E+01
   4.25000E+04  4.98223E-01  2.96087E-01  5.94287E-01  5.95002E-01  9.98800E-01  7.9E-02  1.0001E+01
   4.30000E+04  4.86599E-01  2.85142E-01  5.85990E-01  5.86692E-01  9.98804E-01  8.0E-02  1.0001E+01
   4.35000E+04  4.75475E-01  2.74988E-01  5.78343E-01  5.79048E-01  9.98783E-01  8.1E-02  1.0001E+01
   4.40000E+04  4.64849E-01  2.65879E-01  5.71969E-01  5.72676E-01  9.98765E-01  8.2E-02  1.0001E+01
   4.45000E+04  4.54699E-01  2.57218E-01  5.65688E-01  5.66389E-01  9.98761E-01  8.3E-02  1.0001E+01
   4.50000E+04  4.44998E-01  2.48525E-01  5.58486E-01  5.59168E-01  9.98781E-01  8.4E-02  1.0001E+01
   4.55000E+04  4.35696E-01  2.41225E-01  5.53654E-01  5.54337E-01  9.98767E-01  8.5E-02  1.0001E+01
   4.60000E+04  4.26796E-01  2.32805E-01  5.45471E-01  5.46169E-01  9.98722E-01  8.6E-02  1.0001E+01
   4.65000E+04  4.18275E-01  2.25165E-01  5.38319E-01  5.39015E-01  9.98709E-01  8.6E-02  1.0001E+01
   4.70000E+04  4.10090E-01  2.18135E-01  5.31919E-01  5.32608E-01  9.98705E-01  8.7E-02  1.0001E+01
   4.75000E+04  4.02219E-01  2.11421E-01  5.25637E-01  5.26314E-01  9.98714E-01  8.8E-02  1.0001E+01
   4.80000E+04  3.94674E-01  2.04549E-01  5.18273E-01  5.18950E-01  9.98695E-01  8.9E-02  1.0001E+01
   4.85000E+04  3.87436E-01  1.98920E-01  5.13427E-01  5.14096E-01  9.98698E-01  8.9E-02  1.0001E+01
   4.90000E+04  3.80492E-01  1.92749E-01  5.06578E-01  5.07223E-01  9.98727E-01  8.8E-02  1.0001E+01
   4.95000E+04  3.73825E-01  1.87105E-01  5.00514E-01  5.01155E-01  9.98721E-01  8.8E-02  1.0001E+01
   5.00000E+04  3.67421E-01  1.81798E-01  4.94794E-01  4.95424E-01  9.98730E-01  8.9E-02  1.0001E+01
   5.05000E+04  3.61256E-01  1.76438E-01  4.88402E-01  4.89048E-01  9.98681E-01  9.0E-02  1.0001E+01
   5.10000E+04  3.55328E-01  1.71736E-01  4.83316E-01  4.83955E-01  9.98680E-01  9.0E-02  1.0001E+01
   5.15000E+04  3.49595E-01  1.66555E-01  4.76421E-01  4.77058E-01  9.98665E-01  9.1E-02  1.0001E+01
   5.20000E+04  3.44080E-01  1.62091E-01  4.71087E-01  4.71711E-01  9.98676E-01  9.2E-02  1.0001E+01
   5.25000E+04  3.38770E-01  1.57278E-01  4.64263E-01  4.64873E-01  9.98688E-01  9.3E-02  1.0001E+01
   5.30000E+04  3.33658E-01  1.53896E-01  4.61239E-01  4.61848E-01  9.98681E-01  9.3E-02  1.0001E+01
   5.35000E+04  3.28733E-01  1.49440E-01  4.54594E-01  4.55200E-01  9.98667E-01  9.3E-02  1.0001E+01
   5.40000E+04  3.23985E-01  1.45742E-01  4.49842E-01  4.50451E-01  9.98647E-01  9.4E-02  1.0001E+01
   5.45000E+04  3.19390E-01  1.41815E-01  4.44018E-01  4.44613E-01  9.98663E-01  9.5E-02  1.0001E+01
   5.50000E+04  3.14958E-01  1.38205E-01  4.38803E-01  4.39407E-01  9.98625E-01  9.5E-02  1.0001E+01
   5.55000E+04  3.10674E-01  1.34763E-01  4.33777E-01  4.34358E-01  9.98661E-01  9.6E-02  1.0001E+01
   5.60000E+04  3.06511E-01  1.31285E-01  4.28321E-01  4.28914E-01  9.98617E-01  9.6E-02  1.0001E+01
   5.65000E+04  3.02492E-01  1.28109E-01  4.23512E-01  4.24080E-01  9.98662E-01  9.7E-02  1.0001E+01
   5.70000E+04  2.98610E-01  1.25132E-01  4.19047E-01  4.19623E-01  9.98626E-01  9.8E-02  1.0001E+01
   5.75000E+04  2.94859E-01  1.22038E-01  4.13887E-01  4.14447E-01  9.98649E-01  9.6E-02  1.0001E+01
   5.80000E+04  2.91234E-01  1.19324E-01  4.09718E-01  4.10255E-01  9.98693E-01  9.6E-02  1.0001E+01
   5.85000E+04  2.87729E-01  1.16297E-01  4.04188E-01  4.04734E-01  9.98650E-01  9.6E-02  1.0001E+01
   5.90000E+04  2.84339E-01  1.13617E-01  3.99583E-01  4.00121E-01  9.98654E-01  9.6E-02  1.0001E+01
   5.95000E+04  2.81060E-01  1.10908E-01  3.94605E-01  3.95139E-01  9.98651E-01  9.7E-02  1.0001E+01
   6.00000E+04  2.77886E-01  1.08679E-01  3.91092E-01  3.91609E-01  9.98679E-01  9.7E-02  1.0001E+01
   6.05000E+04  2.74793E-01  1.06361E-01  3.87060E-01  3.87584E-01  9.98649E-01  9.8E-02  1.0001E+01
   6.10000E+04  2.71779E-01  1.04001E-01  3.82666E-01  3.83183E-01  9.98650E-01  9.8E-02  1.0001E+01
   6.15000E+04  2.68859E-01  1.01521E-01  3.77601E-01  3.78124E-01  9.98617E-01  9.8E-02  1.0001E+01
   6.20000E+04  2.66030E-01  9.94045E-02  3.73659E-01  3.74170E-01  9.98636E-01  9.9E-02  1.0001E+01
   6.25000E+04  2.63288E-01  9.73588E-02  3.69781E-01  3.70290E-01  9.98625E-01  9.9E-02  1.0001E+01
   6.30000E+04  2.60629E-01  9.52480E-02  3.65454E-01  3.65962E-01  9.98614E-01  9.9E-02  1.0001E+01
   6.35000E+04  2.58047E-01  9.32422E-02  3.61338E-01  3.61832E-01  9.98637E-01  1.0E-01  1.0001E+01
   6.40000E+04  2.55539E-01  9.14874E-02  3.58018E-01  3.58508E-01  9.98632E-01  7.1E-02  2.0002E+01
   6.45000E+04  2.53103E-01  8.97994E-02  3.54793E-01  3.55290E-01  9.98603E-01  7.1E-02  2.0002E+01
   6.50000E+04  2.50745E-01  8.79490E-02  3.50751E-01  3.51228E-01  9.98642E-01  1.0E-01  1.0001E+01
   6.55000E+04  2.48462E-01  8.62430E-02  3.47107E-01  3.47581E-01  9.98636E-01  7.1E-02  2.0002E+01
   6.60000E+04  2.46231E-01  8.45600E-02  3.43417E-01  3.43887E-01  9.98632E-01  1.0E-01  1.0001E+01
   6.65000E+04  2.44055E-01  8.28900E-02  3.39636E-01  3.40105E-01  9.98623E-01  7.1E-02  2.0002E+01
   6.70000E+04  2.41940E-01  8.16574E-02  3.37511E-01  3.37967E-01  9.98652E-01  9.9E-02  1.0001E+01
   6.75000E+04  2.39883E-01  8.00255E-02  3.33602E-01  3.34041E-01  9.98686E-01  9.9E-02  1.0001E+01
   6.80000E+04  2.37883E-01  7.86419E-02  3.30590E-01  3.31030E-01  9.98671E-01  9.8E-02  1.0001E+01
   6.85000E+04  2.35938E-01  7.71459E-02  3.26976E-01  3.27436E-01  9.98593E-01  9.9E-02  1.0001E+01
   6.90000E+04  2.34045E-01  7.59028E-02  3.24309E-01  3.24756E-01  9.98623E-01  9.9E-02  1.0001E+01
   6.95000E+04  2.32203E-01  7.45047E-02  3.20860E-01  3.21296E-01  9.98644E-01  9.8E-02  1.0001E+01
   7.00000E+04  2.30410E-01  7.32480E-02  3.17902E-01  3.18337E-01  9.98634E-01  9.8E-02  1.0001E+01
   7.05000E+04  2.28658E-01  7.19897E-02  3.14836E-01  3.15255E-01  9.98671E-01  9.8E-02  1.0001E+01
   7.10000E+04  2.26952E-01  7.09610E-02  3.12670E-01  3.13093E-01  9.98651E-01  9.8E-02  1.0001E+01
   7.15000E+04  2.25289E-01  6.97273E-02  3.09502E-01  3.09914E-01  9.98670E-01  9.8E-02  1.0001E+01
   7.20000E+04  2.23650E-01  6.86379E-02  3.06899E-01  3.07294E-01  9.98716E-01  9.8E-02  1.0001E+01
   7.25000E+04  2.22053E-01  6.74256E-02  3.03647E-01  3.04046E-01  9.98688E-01  9.8E-02  1.0001E+01
   7.30000E+04  2.20495E-01  6.64131E-02  3.01200E-01  3.01600E-01  9.98673E-01  9.9E-02  1.0001E+01
   7.35000E+04  2.18977E-01  6.54944E-02  2.99093E-01  2.99481E-01  9.98703E-01  9.8E-02  1.0001E+01
   7.40000E+04  2.17497E-01  6.45327E-02  2.96707E-01  2.97099E-01  9.98681E-01  9.8E-02  1.0001E+01
   7.45000E+04  2.16052E-01  6.35311E-02  2.94055E-01  2.94444E-01  9.98677E-01  9.8E-02  1.0001E+01
   7.50000E+04  2.14643E-01  6.25426E-02  2.91380E-01  2.91771E-01  9.98658E-01  9.8E-02  1.0001E+01
   7.55000E+04  2.13268E-01  6.16477E-02  2.89062E-01  2.89441E-01  9.98692E-01  9.9E-02  1.0001E+01
   7.60000E+04  2.11926E-01  6.07600E-02  2.86704E-01  2.87076E-01  9.98705E-01  9.9E-02  1.0001E+01
   7.65000E+04  2.10616E-01  5.98819E-02  2.84318E-01  2.84681E-01  9.98725E-01  9.8E-02  1.0001E+01
   7.70000E+04  2.09336E-01  5.90311E-02  2.81992E-01  2.82345E-01  9.98751E-01  9.8E-02  1.0001E+01
   7.75000E+04  2.08087E-01  5.82046E-02  2.79713E-01  2.80081E-01  9.98687E-01  9.8E-02  1.0001E+01
   7.80000E+04  2.06859E-01  5.74234E-02  2.77597E-01  2.77955E-01  9.98711E-01  9.6E-02  1.0001E+01
   7.85000E+04  2.05649E-01  5.67679E-02  2.76043E-01  2.76392E-01  9.98736E-01  9.6E-02  1.0001E+01
   7.90000E+04  2.04466E-01  5.59200E-02  2.73492E-01  2.73853E-01  9.98683E-01  9.6E-02  1.0001E+01
   7.95000E+04  2.03309E-01  5.53514E-02  2.72252E-01  2.72599E-01  9.98727E-01  9.7E-02  1.0001E+01
   8.00000E+04  2.02176E-01  5.45484E-02  2.69807E-01  2.70147E-01  9.98744E-01  9.7E-02  1.0001E+01
   8.05000E+04  2.01066E-01  5.38830E-02  2.67987E-01  2.68326E-01  9.98735E-01  9.6E-02  1.0001E+01
   8.10000E+04  1.99981E-01  5.33416E-02  2.66734E-01  2.67067E-01  9.98751E-01  9.5E-02  1.0001E+01
   8.15000E+04  1.98919E-01  5.26282E-02  2.64571E-01  2.64899E-01  9.98761E-01  9.6E-02  1.0001E+01
   8.20000E+04  1.97881E-01  5.19575E-02  2.62570E-01  2.62892E-01  9.98772E-01  9.5E-02  1.0001E+01
   8.25000E+04  1.96864E-01  5.13324E-02  2.60750E-01  2.61067E-01  9.98787E-01  9.5E-02  1.0001E+01
   8.30000E+04  1.95870E-01  5.07905E-02  2.59308E-01  2.59632E-01  9.98750E-01  9.5E-02  1.0001E+01
   8.35000E+04  1.94896E-01  5.02258E-02  2.57706E-01  2.58031E-01  9.98742E-01  9.5E-02  1.0001E+01
   8.40000E+04  1.93942E-01  4.96368E-02  2.55936E-01  2.56257E-01  9.98747E-01  9.5E-02  1.0001E+01
   8.45000E+04  1.93008E-01  4.90973E-02  2.54379E-01  2.54699E-01  9.98744E-01  9.4E-02  1.0001E+01
   8.50000E+04  1.92083E-01  4.86014E-02  2.53023E-01  2.53336E-01  9.98763E-01  9.4E-02  1.0001E+01
   8.55000E+04  1.91172E-01  4.80322E-02  2.51251E-01  2.51551E-01  9.98806E-01  9.4E-02  1.0001E+01
   8.60000E+04  1.90279E-01  4.75549E-02  2.49921E-01  2.50226E-01  9.98783E-01  9.3E-02  1.0001E+01
   8.65000E+04  1.89404E-01  4.70834E-02  2.48587E-01  2.48896E-01  9.98756E-01  9.3E-02  1.0001E+01
   8.70000E+04  1.88547E-01  4.65927E-02  2.47115E-01  2.47413E-01  9.98793E-01  9.3E-02  1.0001E+01
   8.75000E+04  1.87706E-01  4.60954E-02  2.45573E-01  2.45870E-01  9.98792E-01  9.3E-02  1.0001E+01
   8.80000E+04  1.86881E-01  4.56807E-02  2.44437E-01  2.44726E-01  9.98820E-01  9.3E-02  1.0001E+01
   8.85000E+04  1.86073E-01  4.52223E-02  2.43036E-01  2.43335E-01  9.98769E-01  9.3E-02  1.0001E+01
   8.90000E+04  1.85279E-01  4.47838E-02  2.41710E-01  2.41999E-01  9.98806E-01  9.2E-02  1.0001E+01
   8.95000E+04  1.84501E-01  4.44237E-02  2.40777E-01  2.41057E-01  9.98837E-01  9.2E-02  1.0001E+01
   9.00000E+04  1.83738E-01  4.39505E-02  2.39202E-01  2.39484E-01  9.98825E-01  9.2E-02  1.0001E+01
   9.05000E+04  1.82989E-01  4.35573E-02  2.38033E-01  2.38313E-01  9.98824E-01  9.2E-02  1.0001E+01
   9.10000E+04  1.82253E-01  4.31588E-02  2.36807E-01  2.37076E-01  9.98865E-01  8.8E-02  1.0001E+01
   9.15000E+04  1.81531E-01  4.28277E-02  2.35925E-01  2.36193E-01  9.98866E-01  8.9E-02  1.0001E+01
   9.20000E+04  1.80823E-01  4.23314E-02  2.34105E-01  2.34367E-01  9.98878E-01  8.8E-02  1.0001E+01
   9.25000E+04  1.80116E-01  4.21533E-02  2.34034E-01  2.34298E-01  9.98872E-01  8.8E-02  1.0001E+01
   9.30000E+04  1.79420E-01  4.17278E-02  2.32570E-01  2.32832E-01  9.98878E-01  8.8E-02  1.0001E+01
   9.35000E+04  1.78736E-01  4.14235E-02  2.31758E-01  2.32019E-01  9.98878E-01  8.8E-02  1.0001E+01
   9.40000E+04  1.78064E-01  4.10351E-02  2.30452E-01  2.30705E-01  9.98903E-01  8.8E-02  1.0001E+01
   9.45000E+04  1.77403E-01  4.06505E-02  2.29142E-01  2.29398E-01  9.98884E-01  8.7E-02  1.0001E+01
   9.50000E+04  1.76754E-01  4.04181E-02  2.28669E-01  2.28920E-01  9.98900E-01  8.7E-02  1.0001E+01
   9.55000E+04  1.76116E-01  4.00694E-02  2.27517E-01  2.27773E-01  9.98874E-01  8.7E-02  1.0001E+01
   9.60000E+04  1.75489E-01  3.98100E-02  2.26852E-01  2.27101E-01  9.98903E-01  8.7E-02  1.0001E+01
   9.65000E+04  1.74873E-01  3.95296E-02  2.26048E-01  2.26293E-01  9.98914E-01  8.7E-02  1.0001E+01
   9.70000E+04  1.74266E-01  3.91776E-02  2.24814E-01  2.25066E-01  9.98880E-01  8.7E-02  1.0001E+01
   9.75000E+04  1.73670E-01  3.89723E-02  2.24404E-01  2.24656E-01  9.98879E-01  8.7E-02  1.0001E+01
   9.80000E+04  1.73084E-01  3.86780E-02  2.23464E-01  2.23706E-01  9.98919E-01  8.7E-02  1.0001E+01
   9.85000E+04  1.72507E-01  3.84635E-02  2.22967E-01  2.23215E-01  9.98891E-01  8.6E-02  1.0001E+01
   9.90000E+04  1.71940E-01  3.81492E-02  2.21875E-01  2.22114E-01  9.98922E-01  8.6E-02  1.0001E+01
   9.95000E+04  1.71382E-01  3.79382E-02  2.21367E-01  2.21606E-01  9.98918E-01  8.6E-02  1.0001E+01
   1.00000E+05  1.70832E-01  3.76611E-02  2.20456E-01  2.20695E-01  9.98919E-01  8.6E-02  1.0001E+01
   1.00500E+05  1.70285E-01  3.74556E-02  2.19957E-01  2.20204E-01  9.98879E-01  8.6E-02  1.0001E+01
   1.01000E+05  1.69742E-01  3.71912E-02  2.19104E-01  2.19339E-01  9.98926E-01  8.6E-02  1.0001E+01
   1.01500E+05  1.69207E-01  3.69656E-02  2.18463E-01  2.18699E-01  9.98920E-01  8.5E-02  1.0001E+01
   1.02000E+05  1.68681E-01  3.67290E-02  2.17743E-01  2.17976E-01  9.98929E-01  8.6E-02  1.0001E+01
   1.02500E+05  1.68162E-01  3.65429E-02  2.17307E-01  2.17542E-01  9.98921E-01  8.6E-02  1.0001E+01
   1.03000E+05  1.67652E-01  3.62614E-02  2.16290E-01  2.16521E-01  9.98932E-01  8.6E-02  1.0001E+01
   1.03500E+05  1.67149E-01  3.60433E-02  2.15636E-01  2.15872E-01  9.98909E-01  8.5E-02  1.0001E+01
   1.04000E+05  1.66653E-01  3.58680E-02  2.15226E-01  2.15455E-01  9.98938E-01  8.6E-02  1.0001E+01
   1.04500E+05  1.66165E-01  3.56914E-02  2.14795E-01  2.15025E-01  9.98932E-01  8.6E-02  1.0001E+01
   1.05000E+05  1.65682E-01  3.54817E-02  2.14155E-01  2.14380E-01  9.98951E-01  8.7E-02  1.0001E+01
   1.05500E+05  1.65207E-01  3.53605E-02  2.14038E-01  2.14261E-01  9.98961E-01  8.6E-02  1.0001E+01
   1.06000E+05  1.64737E-01  3.50961E-02  2.13043E-01  2.13261E-01  9.98978E-01  8.1E-02  1.0001E+01
   1.06500E+05  1.64275E-01  3.49018E-02  2.12459E-01  2.12673E-01  9.98997E-01  8.1E-02  1.0001E+01
   1.07000E+05  1.63819E-01  3.47301E-02  2.12003E-01  2.12219E-01  9.98978E-01  8.1E-02  1.0001E+01
   1.07500E+05  1.63370E-01  3.45957E-02  2.11763E-01  2.11978E-01  9.98984E-01  8.1E-02  1.0001E+01
   1.08000E+05  1.62927E-01  3.44293E-02  2.11317E-01  2.11534E-01  9.98972E-01  8.1E-02  1.0001E+01
   1.08500E+05  1.62491E-01  3.42090E-02  2.10529E-01  2.10740E-01  9.98998E-01  8.1E-02  1.0001E+01
   1.09000E+05  1.62060E-01  3.40579E-02  2.10156E-01  2.10360E-01  9.99031E-01  8.0E-02  1.0001E+01
   1.09500E+05  1.61626E-01  3.39057E-02  2.09778E-01  2.09985E-01  9.99017E-01  8.0E-02  1.0001E+01
   1.10000E+05  1.61198E-01  3.37619E-02  2.09444E-01  2.09657E-01  9.98987E-01  8.0E-02  1.0001E+01
   1.10500E+05  1.60774E-01  3.36421E-02  2.09251E-01  2.09464E-01  9.98983E-01  8.0E-02  1.0001E+01
   1.11000E+05  1.60357E-01  3.35177E-02  2.09019E-01  2.09223E-01  9.99027E-01  8.0E-02  1.0001E+01
   1.11500E+05  1.59945E-01  3.33040E-02  2.08222E-01  2.08430E-01  9.99001E-01  8.1E-02  1.0001E+01
   1.12000E+05  1.59538E-01  3.31757E-02  2.07948E-01  2.08158E-01  9.98992E-01  8.0E-02  1.0001E+01
   1.12500E+05  1.59137E-01  3.30367E-02  2.07599E-01  2.07804E-01  9.99013E-01  8.0E-02  1.0001E+01
   1.13000E+05  1.58741E-01  3.29008E-02  2.07261E-01  2.07471E-01  9.98988E-01  8.0E-02  1.0001E+01
   1.13500E+05  1.58350E-01  3.28007E-02  2.07140E-01  2.07349E-01  9.98994E-01  8.0E-02  1.0001E+01
   1.14000E+05  1.57964E-01  3.26545E-02  2.06721E-01  2.06924E-01  9.99021E-01  8.0E-02  1.0001E+01
   1.14500E+05  1.57583E-01  3.25558E-02  2.06595E-01  2.06805E-01  9.98983E-01  8.0E-02  1.0001E+01
   1.15000E+05  1.57207E-01  3.24107E-02  2.06166E-01  2.06371E-01  9.99004E-01  8.0E-02  1.0001E+01
   1.15500E+05  1.56835E-01  3.23043E-02  2.05976E-01  2.06186E-01  9.98983E-01  8.0E-02  1.0001E+01
   1.16000E+05  1.56468E-01  3.22072E-02  2.05838E-01  2.06046E-01  9.98993E-01  8.0E-02  1.0001E+01
   1.16500E+05  1.56106E-01  3.20688E-02  2.05430E-01  2.05634E-01  9.99006E-01  8.0E-02  1.0001E+01
   1.17000E+05  1.55748E-01  3.18889E-02  2.04747E-01  2.04952E-01  9.99001E-01  8.0E-02  1.0001E+01
   1.17500E+05  1.55395E-01  3.18775E-02  2.05138E-01  2.05345E-01  9.98992E-01  8.0E-02  1.0001E+01
   1.18000E+05  1.55047E-01  3.17188E-02  2.04576E-01  2.04782E-01  9.98994E-01  7.9E-02  1.0001E+01
   1.18500E+05  1.54702E-01  3.16502E-02  2.04588E-01  2.04783E-01  9.99044E-01  7.9E-02  1.0001E+01
   1.19000E+05  1.54356E-01  3.15300E-02  2.04268E-01  2.04474E-01  9.98993E-01  7.9E-02  1.0001E+01
   1.19500E+05  1.54012E-01  3.13974E-02  2.03864E-01  2.04067E-01  9.99006E-01  7.9E-02  1.0001E+01
   1.20000E+05  1.53671E-01  3.13138E-02  2.03772E-01  2.03973E-01  9.99012E-01  7.9E-02  1.0001E+01
