#  Photon mass energy-absorption coefficients from PENELOPE
#  Material data file:      pmma.mat            
#  Mass density= 1.190000E+00 g/cm**3
# 
#  Tolerance = 1.000000E-01 %
#  Allotted simulation time = 1.000000E+02 s
#  Dump period= 1.000000E+01 s
#
#    Energy       mu/rho      mu_en/rho     (1-g)*f        f            1-g      uncert.      T
#     (eV)       (cm**2/g)    (cm**2/g)                                            (%)       (s)
# ---------------------------------------------------------------------------------------------------
   1.00000E+03  2.69968E+03  2.69835E+03  9.99510E-01  9.99510E-01  1.00000E+00  8.0E-04  1.0001E+01
   1.50000E+03  8.85723E+02  8.84511E+02  9.98632E-01  9.98632E-01  1.00000E+00  1.3E-03  1.0001E+01
   2.00000E+03  3.90967E+02  3.89895E+02  9.97258E-01  9.97258E-01  1.00000E+00  1.9E-03  1.0001E+01
   2.50000E+03  2.04743E+02  2.03794E+02  9.95366E-01  9.95366E-01  1.00000E+00  2.5E-03  1.0001E+01
   3.00000E+03  1.19831E+02  1.19008E+02  9.93135E-01  9.93135E-01  1.00000E+00  3.0E-03  1.0001E+01
   3.50000E+03  7.58629E+01  7.51236E+01  9.90256E-01  9.90256E-01  1.00000E+00  3.6E-03  1.0001E+01
   4.00000E+03  5.09068E+01  5.02432E+01  9.86964E-01  9.86964E-01  1.00000E+00  4.2E-03  1.0001E+01
   4.50000E+03  3.57466E+01  3.51433E+01  9.83124E-01  9.83124E-01  1.00000E+00  4.7E-03  1.0001E+01
   5.00000E+03  2.60283E+01  2.54722E+01  9.78634E-01  9.78634E-01  1.00000E+00  5.3E-03  1.0001E+01
   5.50000E+03  1.95214E+01  1.90076E+01  9.73676E-01  9.73676E-01  1.00000E+00  6.0E-03  1.0001E+01
   6.00000E+03  1.50110E+01  1.45301E+01  9.67961E-01  9.67961E-01  1.00000E+00  6.6E-03  1.0001E+01
   6.50000E+03  1.17844E+01  1.13347E+01  9.61846E-01  9.61846E-01  1.00000E+00  7.2E-03  1.0001E+01
   7.00000E+03  9.43077E+00  9.00376E+00  9.54722E-01  9.54722E-01  1.00000E+00  7.9E-03  1.0001E+01
   7.50000E+03  7.66287E+00  7.25659E+00  9.46981E-01  9.46981E-01  1.00000E+00  8.5E-03  1.0001E+01
   8.00000E+03  6.31920E+00  5.93178E+00  9.38692E-01  9.38692E-01  1.00000E+00  9.2E-03  1.0001E+01
   8.50000E+03  5.27452E+00  4.90243E+00  9.29454E-01  9.29454E-01  1.00000E+00  1.0E-02  1.0001E+01
   9.00000E+03  4.45498E+00  4.09610E+00  9.19443E-01  9.19443E-01  1.00000E+00  1.1E-02  1.0001E+01
   9.50000E+03  3.80024E+00  3.45282E+00  9.08580E-01  9.08580E-01  1.00000E+00  1.1E-02  1.0001E+01
   1.00000E+04  3.27354E+00  2.93668E+00  8.97096E-01  8.97096E-01  1.00000E+00  1.2E-02  1.0001E+01
   1.05000E+04  2.84342E+00  2.51616E+00  8.84907E-01  8.84907E-01  1.00000E+00  1.3E-02  1.0001E+01
   1.10000E+04  2.49021E+00  2.17120E+00  8.71893E-01  8.71893E-01  1.00000E+00  1.4E-02  1.0001E+01
   1.15000E+04  2.19630E+00  1.88461E+00  8.58086E-01  8.58092E-01  9.99992E-01  2.0E-02  1.0001E+01
   1.20000E+04  1.95092E+00  1.64596E+00  8.43684E-01  8.43684E-01  1.00000E+00  1.6E-02  1.0001E+01
   1.25000E+04  1.74430E+00  1.44590E+00  8.28932E-01  8.28937E-01  9.99994E-01  2.1E-02  1.0001E+01
   1.30000E+04  1.56843E+00  1.27525E+00  8.13076E-01  8.13089E-01  9.99983E-01  2.5E-02  1.0001E+01
   1.35000E+04  1.41848E+00  1.13054E+00  7.97004E-01  7.97018E-01  9.99982E-01  2.9E-02  1.0001E+01
   1.40000E+04  1.28978E+00  1.00695E+00  7.80711E-01  7.80722E-01  9.99986E-01  2.7E-02  1.0001E+01
   1.45000E+04  1.17840E+00  9.00537E-01  7.64205E-01  7.64220E-01  9.99980E-01  3.0E-02  1.0001E+01
   1.50000E+04  1.08177E+00  8.08204E-01  7.47112E-01  7.47127E-01  9.99979E-01  3.3E-02  1.0001E+01
   1.55000E+04  9.97031E-01  7.27435E-01  7.29600E-01  7.29621E-01  9.99972E-01  3.6E-02  1.0001E+01
   1.60000E+04  9.22890E-01  6.57454E-01  7.12386E-01  7.12410E-01  9.99965E-01  3.9E-02  1.0001E+01
   1.65000E+04  8.57979E-01  5.95778E-01  6.94397E-01  6.94417E-01  9.99971E-01  3.7E-02  1.0001E+01
   1.70000E+04  8.00769E-01  5.41739E-01  6.76523E-01  6.76546E-01  9.99966E-01  4.0E-02  1.0001E+01
   1.75000E+04  7.49987E-01  4.93859E-01  6.58491E-01  6.58516E-01  9.99961E-01  4.2E-02  1.0001E+01
   1.80000E+04  7.04551E-01  4.51944E-01  6.41463E-01  6.41492E-01  9.99956E-01  4.5E-02  1.0001E+01
   1.85000E+04  6.64027E-01  4.14232E-01  6.23817E-01  6.23845E-01  9.99955E-01  4.7E-02  1.0001E+01
   1.90000E+04  6.27685E-01  3.80721E-01  6.06547E-01  6.06570E-01  9.99963E-01  4.5E-02  1.0001E+01
   1.95000E+04  5.95098E-01  3.50299E-01  5.88640E-01  5.88668E-01  9.99953E-01  4.8E-02  1.0001E+01
   2.00000E+04  5.65760E-01  3.23423E-01  5.71660E-01  5.71689E-01  9.99951E-01  5.1E-02  1.0001E+01
   2.05000E+04  5.39120E-01  2.99234E-01  5.55042E-01  5.55074E-01  9.99942E-01  5.3E-02  1.0001E+01
   2.10000E+04  5.14992E-01  2.77314E-01  5.38483E-01  5.38515E-01  9.99941E-01  5.5E-02  1.0001E+01
   2.15000E+04  4.93125E-01  2.57609E-01  5.22401E-01  5.22436E-01  9.99933E-01  5.7E-02  1.0001E+01
   2.20000E+04  4.73244E-01  2.39870E-01  5.06863E-01  5.06891E-01  9.99945E-01  5.5E-02  1.0001E+01
   2.25000E+04  4.55017E-01  2.23502E-01  4.91194E-01  4.91227E-01  9.99934E-01  5.7E-02  1.0001E+01
   2.30000E+04  4.38335E-01  2.08819E-01  4.76391E-01  4.76422E-01  9.99934E-01  5.9E-02  1.0001E+01
   2.35000E+04  4.23066E-01  1.95372E-01  4.61801E-01  4.61837E-01  9.99922E-01  6.1E-02  1.0001E+01
   2.40000E+04  4.09051E-01  1.82877E-01  4.47076E-01  4.47108E-01  9.99927E-01  6.3E-02  1.0001E+01
   2.45000E+04  3.96131E-01  1.71842E-01  4.33800E-01  4.33830E-01  9.99929E-01  6.5E-02  1.0001E+01
   2.50000E+04  3.84246E-01  1.61660E-01  4.20721E-01  4.20754E-01  9.99920E-01  6.7E-02  1.0001E+01
   2.55000E+04  3.73191E-01  1.51895E-01  4.07018E-01  4.07047E-01  9.99928E-01  6.4E-02  1.0001E+01
   2.60000E+04  3.62953E-01  1.43169E-01  3.94455E-01  3.94486E-01  9.99924E-01  6.6E-02  1.0001E+01
   2.65000E+04  3.53424E-01  1.35066E-01  3.82162E-01  3.82195E-01  9.99915E-01  6.8E-02  1.0001E+01
   2.70000E+04  3.44601E-01  1.27713E-01  3.70613E-01  3.70645E-01  9.99913E-01  7.0E-02  1.0001E+01
   2.75000E+04  3.36431E-01  1.20977E-01  3.59588E-01  3.59616E-01  9.99923E-01  7.1E-02  1.0001E+01
   2.80000E+04  3.28885E-01  1.14508E-01  3.48169E-01  3.48201E-01  9.99907E-01  7.3E-02  1.0001E+01
   2.85000E+04  3.21815E-01  1.08923E-01  3.38463E-01  3.38494E-01  9.99908E-01  7.4E-02  1.0001E+01
   2.90000E+04  3.15202E-01  1.03691E-01  3.28966E-01  3.28997E-01  9.99905E-01  7.6E-02  1.0001E+01
   2.95000E+04  3.09032E-01  9.86491E-02  3.19219E-01  3.19249E-01  9.99906E-01  7.3E-02  1.0001E+01
   3.00000E+04  3.03254E-01  9.41063E-02  3.10322E-01  3.10352E-01  9.99902E-01  7.5E-02  1.0001E+01
   3.05000E+04  2.97800E-01  8.97466E-02  3.01365E-01  3.01397E-01  9.99894E-01  7.6E-02  1.0001E+01
   3.10000E+04  2.92659E-01  8.58000E-02  2.93174E-01  2.93201E-01  9.99908E-01  7.7E-02  1.0001E+01
   3.15000E+04  2.87813E-01  8.19276E-02  2.84655E-01  2.84683E-01  9.99904E-01  7.8E-02  1.0001E+01
   3.20000E+04  2.83263E-01  7.85424E-02  2.77278E-01  2.77308E-01  9.99892E-01  7.9E-02  1.0001E+01
   3.25000E+04  2.78984E-01  7.52799E-02  2.69835E-01  2.69866E-01  9.99888E-01  8.0E-02  1.0001E+01
   3.30000E+04  2.74958E-01  7.22753E-02  2.62860E-01  2.62886E-01  9.99900E-01  8.1E-02  1.0001E+01
   3.35000E+04  2.71156E-01  6.94888E-02  2.56268E-01  2.56294E-01  9.99900E-01  8.2E-02  1.0001E+01
   3.40000E+04  2.67528E-01  6.67634E-02  2.49557E-01  2.49583E-01  9.99893E-01  8.3E-02  1.0001E+01
   3.45000E+04  2.64096E-01  6.43236E-02  2.43561E-01  2.43587E-01  9.99894E-01  8.1E-02  1.0001E+01
   3.50000E+04  2.60848E-01  6.19861E-02  2.37633E-01  2.37658E-01  9.99893E-01  8.2E-02  1.0001E+01
   3.55000E+04  2.57760E-01  5.96642E-02  2.31472E-01  2.31493E-01  9.99907E-01  8.3E-02  1.0001E+01
   3.60000E+04  2.54835E-01  5.77792E-02  2.26731E-01  2.26756E-01  9.99893E-01  8.4E-02  1.0001E+01
   3.65000E+04  2.52051E-01  5.58055E-02  2.21405E-01  2.21428E-01  9.99899E-01  8.6E-02  1.0001E+01
   3.70000E+04  2.49377E-01  5.39865E-02  2.16485E-01  2.16509E-01  9.99889E-01  8.4E-02  1.0001E+01
   3.75000E+04  2.46836E-01  5.22340E-02  2.11614E-01  2.11638E-01  9.99886E-01  8.5E-02  1.0001E+01
   3.80000E+04  2.44421E-01  5.05780E-02  2.06930E-01  2.06954E-01  9.99886E-01  8.5E-02  1.0001E+01
   3.85000E+04  2.42122E-01  4.91131E-02  2.02845E-01  2.02866E-01  9.99896E-01  8.6E-02  1.0001E+01
   3.90000E+04  2.39933E-01  4.77145E-02  1.98866E-01  1.98886E-01  9.99899E-01  8.7E-02  1.0001E+01
   3.95000E+04  2.37846E-01  4.64380E-02  1.95244E-01  1.95268E-01  9.99878E-01  8.7E-02  1.0001E+01
   4.00000E+04  2.35820E-01  4.51195E-02  1.91330E-01  1.91350E-01  9.99894E-01  8.4E-02  1.0001E+01
   4.05000E+04  2.33874E-01  4.38871E-02  1.87653E-01  1.87676E-01  9.99876E-01  8.5E-02  1.0001E+01
   4.10000E+04  2.32014E-01  4.27807E-02  1.84389E-01  1.84409E-01  9.99893E-01  8.4E-02  1.0001E+01
   4.15000E+04  2.30234E-01  4.16960E-02  1.81103E-01  1.81122E-01  9.99890E-01  8.4E-02  1.0001E+01
   4.20000E+04  2.28530E-01  4.07531E-02  1.78327E-01  1.78347E-01  9.99885E-01  8.5E-02  1.0001E+01
   4.25000E+04  2.26895E-01  3.97404E-02  1.75149E-01  1.75170E-01  9.99879E-01  8.5E-02  1.0001E+01
   4.30000E+04  2.25328E-01  3.88094E-02  1.72235E-01  1.72258E-01  9.99871E-01  8.5E-02  1.0001E+01
   4.35000E+04  2.23794E-01  3.80019E-02  1.69807E-01  1.69826E-01  9.99888E-01  8.4E-02  1.0001E+01
   4.40000E+04  2.22318E-01  3.71921E-02  1.67293E-01  1.67311E-01  9.99890E-01  8.4E-02  1.0001E+01
   4.45000E+04  2.20900E-01  3.64371E-02  1.64948E-01  1.64968E-01  9.99881E-01  8.4E-02  1.0001E+01
   4.50000E+04  2.19537E-01  3.56576E-02  1.62422E-01  1.62439E-01  9.99891E-01  8.4E-02  1.0001E+01
   4.55000E+04  2.18225E-01  3.50332E-02  1.60537E-01  1.60556E-01  9.99885E-01  8.5E-02  1.0001E+01
   4.60000E+04  2.16962E-01  3.43419E-02  1.58285E-01  1.58305E-01  9.99879E-01  8.3E-02  1.0001E+01
   4.65000E+04  2.15746E-01  3.37514E-02  1.56440E-01  1.56457E-01  9.99891E-01  8.0E-02  1.0001E+01
   4.70000E+04  2.14566E-01  3.31759E-02  1.54618E-01  1.54633E-01  9.99904E-01  7.9E-02  1.0001E+01
   4.75000E+04  2.13407E-01  3.25959E-02  1.52741E-01  1.52759E-01  9.99883E-01  7.9E-02  1.0001E+01
   4.80000E+04  2.12288E-01  3.20569E-02  1.51007E-01  1.51023E-01  9.99889E-01  7.9E-02  1.0001E+01
   4.85000E+04  2.11208E-01  3.15686E-02  1.49467E-01  1.49483E-01  9.99893E-01  7.8E-02  1.0001E+01
   4.90000E+04  2.10163E-01  3.10867E-02  1.47917E-01  1.47932E-01  9.99898E-01  7.8E-02  1.0001E+01
   4.95000E+04  2.09152E-01  3.06432E-02  1.46512E-01  1.46528E-01  9.99894E-01  7.7E-02  1.0001E+01
   5.00000E+04  2.08171E-01  3.02003E-02  1.45074E-01  1.45090E-01  9.99890E-01  7.7E-02  1.0001E+01
   5.05000E+04  2.07222E-01  2.98209E-02  1.43908E-01  1.43922E-01  9.99903E-01  8.1E-02  1.0001E+01
   5.10000E+04  2.06302E-01  2.94619E-02  1.42810E-01  1.42823E-01  9.99904E-01  8.1E-02  1.0001E+01
   5.15000E+04  2.05385E-01  2.90772E-02  1.41574E-01  1.41588E-01  9.99898E-01  8.1E-02  1.0001E+01
   5.20000E+04  2.04496E-01  2.86917E-02  1.40304E-01  1.40320E-01  9.99887E-01  8.1E-02  1.0001E+01
   5.25000E+04  2.03635E-01  2.83762E-02  1.39349E-01  1.39362E-01  9.99906E-01  8.0E-02  1.0001E+01
   5.30000E+04  2.02799E-01  2.80917E-02  1.38520E-01  1.38534E-01  9.99901E-01  7.9E-02  1.0001E+01
   5.35000E+04  2.01987E-01  2.78075E-02  1.37670E-01  1.37684E-01  9.99897E-01  7.9E-02  1.0001E+01
   5.40000E+04  2.01199E-01  2.75157E-02  1.36759E-01  1.36773E-01  9.99897E-01  7.8E-02  1.0001E+01
   5.45000E+04  2.00434E-01  2.72245E-02  1.35828E-01  1.35839E-01  9.99914E-01  7.7E-02  1.0001E+01
   5.50000E+04  1.99690E-01  2.69759E-02  1.35089E-01  1.35102E-01  9.99906E-01  7.6E-02  1.0001E+01
   5.55000E+04  1.98966E-01  2.67424E-02  1.34407E-01  1.34419E-01  9.99910E-01  7.6E-02  1.0001E+01
   5.60000E+04  1.98239E-01  2.65504E-02  1.33931E-01  1.33945E-01  9.99901E-01  7.5E-02  1.0001E+01
   5.65000E+04  1.97531E-01  2.62875E-02  1.33080E-01  1.33092E-01  9.99915E-01  7.4E-02  1.0001E+01
   5.70000E+04  1.96842E-01  2.61017E-02  1.32603E-01  1.32614E-01  9.99913E-01  7.4E-02  1.0001E+01
   5.75000E+04  1.96170E-01  2.58792E-02  1.31922E-01  1.31934E-01  9.99910E-01  7.4E-02  1.0001E+01
   5.80000E+04  1.95516E-01  2.56745E-02  1.31317E-01  1.31328E-01  9.99913E-01  7.3E-02  1.0001E+01
   5.85000E+04  1.94877E-01  2.55427E-02  1.31071E-01  1.31082E-01  9.99912E-01  7.3E-02  1.0001E+01
   5.90000E+04  1.94254E-01  2.53360E-02  1.30427E-01  1.30440E-01  9.99907E-01  7.2E-02  1.0001E+01
   5.95000E+04  1.93645E-01  2.52104E-02  1.30189E-01  1.30201E-01  9.99907E-01  7.1E-02  1.0001E+01
   6.00000E+04  1.93051E-01  2.50426E-02  1.29720E-01  1.29731E-01  9.99917E-01  7.0E-02  1.0001E+01
   6.05000E+04  1.92464E-01  2.49105E-02  1.29429E-01  1.29439E-01  9.99926E-01  7.0E-02  1.0001E+01
   6.10000E+04  1.91874E-01  2.47472E-02  1.28976E-01  1.28987E-01  9.99918E-01  6.9E-02  1.0001E+01
   6.15000E+04  1.91298E-01  2.46430E-02  1.28820E-01  1.28829E-01  9.99929E-01  6.9E-02  1.0001E+01
   6.20000E+04  1.90735E-01  2.45297E-02  1.28606E-01  1.28617E-01  9.99917E-01  6.8E-02  1.0001E+01
   6.25000E+04  1.90184E-01  2.44073E-02  1.28335E-01  1.28346E-01  9.99917E-01  6.7E-02  1.0001E+01
   6.30000E+04  1.89646E-01  2.42760E-02  1.28007E-01  1.28016E-01  9.99926E-01  6.6E-02  1.0001E+01
   6.35000E+04  1.89119E-01  2.41858E-02  1.27887E-01  1.27896E-01  9.99931E-01  6.5E-02  1.0001E+01
   6.40000E+04  1.88604E-01  2.40725E-02  1.27635E-01  1.27643E-01  9.99937E-01  6.4E-02  1.0001E+01
   6.45000E+04  1.88099E-01  2.39546E-02  1.27351E-01  1.27362E-01  9.99916E-01  6.4E-02  1.0001E+01
   6.50000E+04  1.87605E-01  2.38690E-02  1.27230E-01  1.27239E-01  9.99927E-01  6.4E-02  1.0001E+01
   6.55000E+04  1.87123E-01  2.38228E-02  1.27311E-01  1.27319E-01  9.99938E-01  6.3E-02  1.0001E+01
   6.60000E+04  1.86638E-01  2.37265E-02  1.27125E-01  1.27135E-01  9.99925E-01  6.2E-02  1.0001E+01
   6.65000E+04  1.86156E-01  2.36722E-02  1.27163E-01  1.27173E-01  9.99925E-01  6.2E-02  1.0001E+01
   6.70000E+04  1.85684E-01  2.36217E-02  1.27215E-01  1.27223E-01  9.99933E-01  6.1E-02  1.0001E+01
   6.75000E+04  1.85220E-01  2.35468E-02  1.27129E-01  1.27137E-01  9.99936E-01  6.1E-02  1.0001E+01
   6.80000E+04  1.84765E-01  2.34773E-02  1.27066E-01  1.27074E-01  9.99935E-01  6.0E-02  1.0001E+01
   6.85000E+04  1.84319E-01  2.34137E-02  1.27028E-01  1.27037E-01  9.99931E-01  5.9E-02  1.0001E+01
   6.90000E+04  1.83881E-01  2.33646E-02  1.27064E-01  1.27073E-01  9.99930E-01  5.9E-02  1.0001E+01
   6.95000E+04  1.83451E-01  2.33300E-02  1.27173E-01  1.27182E-01  9.99931E-01  5.8E-02  1.0001E+01
   7.00000E+04  1.83028E-01  2.32868E-02  1.27231E-01  1.27239E-01  9.99936E-01  5.8E-02  1.0001E+01
   7.05000E+04  1.82613E-01  2.32508E-02  1.27323E-01  1.27330E-01  9.99945E-01  5.8E-02  1.0001E+01
   7.10000E+04  1.82205E-01  2.31712E-02  1.27171E-01  1.27179E-01  9.99937E-01  5.7E-02  1.0001E+01
   7.15000E+04  1.81802E-01  2.31823E-02  1.27514E-01  1.27522E-01  9.99933E-01  5.6E-02  1.0001E+01
   7.20000E+04  1.81391E-01  2.31320E-02  1.27526E-01  1.27534E-01  9.99934E-01  5.5E-02  1.0001E+01
   7.25000E+04  1.80986E-01  2.31208E-02  1.27749E-01  1.27758E-01  9.99932E-01  5.5E-02  1.0001E+01
   7.30000E+04  1.80588E-01  2.30751E-02  1.27777E-01  1.27785E-01  9.99941E-01  5.5E-02  1.0001E+01
   7.35000E+04  1.80196E-01  2.30379E-02  1.27849E-01  1.27857E-01  9.99940E-01  5.4E-02  1.0001E+01
   7.40000E+04  1.79810E-01  2.30239E-02  1.28046E-01  1.28053E-01  9.99944E-01  5.4E-02  1.0001E+01
   7.45000E+04  1.79430E-01  2.30009E-02  1.28189E-01  1.28196E-01  9.99942E-01  5.3E-02  1.0001E+01
   7.50000E+04  1.79055E-01  2.29859E-02  1.28373E-01  1.28380E-01  9.99945E-01  5.3E-02  1.0001E+01
   7.55000E+04  1.78687E-01  2.29641E-02  1.28516E-01  1.28523E-01  9.99944E-01  5.2E-02  1.0001E+01
   7.60000E+04  1.78324E-01  2.29518E-02  1.28708E-01  1.28715E-01  9.99950E-01  5.2E-02  1.0001E+01
   7.65000E+04  1.77967E-01  2.29342E-02  1.28868E-01  1.28875E-01  9.99948E-01  5.2E-02  1.0001E+01
   7.70000E+04  1.77615E-01  2.29486E-02  1.29204E-01  1.29212E-01  9.99941E-01  5.1E-02  1.0001E+01
   7.75000E+04  1.77269E-01  2.29073E-02  1.29224E-01  1.29231E-01  9.99945E-01  5.1E-02  1.0001E+01
   7.80000E+04  1.76921E-01  2.29026E-02  1.29451E-01  1.29457E-01  9.99955E-01  5.0E-02  1.0001E+01
   7.85000E+04  1.76570E-01  2.29034E-02  1.29713E-01  1.29720E-01  9.99951E-01  4.9E-02  1.0001E+01
   7.90000E+04  1.76223E-01  2.29326E-02  1.30134E-01  1.30141E-01  9.99941E-01  5.0E-02  1.0001E+01
   7.95000E+04  1.75882E-01  2.29005E-02  1.30204E-01  1.30211E-01  9.99946E-01  4.9E-02  1.0001E+01
   8.00000E+04  1.75545E-01  2.29051E-02  1.30480E-01  1.30486E-01  9.99950E-01  4.9E-02  1.0001E+01
   8.05000E+04  1.75213E-01  2.28813E-02  1.30591E-01  1.30597E-01  9.99957E-01  4.8E-02  1.0001E+01
   8.10000E+04  1.74886E-01  2.28994E-02  1.30939E-01  1.30946E-01  9.99949E-01  4.8E-02  1.0001E+01
   8.15000E+04  1.74562E-01  2.29102E-02  1.31244E-01  1.31250E-01  9.99951E-01  4.7E-02  1.0001E+01
   8.20000E+04  1.74244E-01  2.29045E-02  1.31451E-01  1.31457E-01  9.99955E-01  4.7E-02  1.0001E+01
   8.25000E+04  1.73929E-01  2.29007E-02  1.31667E-01  1.31672E-01  9.99959E-01  4.7E-02  1.0001E+01
   8.30000E+04  1.73618E-01  2.29204E-02  1.32016E-01  1.32022E-01  9.99956E-01  4.7E-02  1.0001E+01
   8.35000E+04  1.73312E-01  2.29180E-02  1.32236E-01  1.32242E-01  9.99952E-01  4.6E-02  1.0001E+01
   8.40000E+04  1.73009E-01  2.29461E-02  1.32630E-01  1.32636E-01  9.99955E-01  4.6E-02  1.0001E+01
   8.45000E+04  1.72710E-01  2.29500E-02  1.32882E-01  1.32888E-01  9.99955E-01  4.5E-02  1.0001E+01
   8.50000E+04  1.72405E-01  2.29743E-02  1.33258E-01  1.33263E-01  9.99960E-01  4.5E-02  1.0001E+01
   8.55000E+04  1.72101E-01  2.29652E-02  1.33441E-01  1.33446E-01  9.99959E-01  4.5E-02  1.0001E+01
   8.60000E+04  1.71800E-01  2.29899E-02  1.33818E-01  1.33822E-01  9.99967E-01  4.5E-02  1.0001E+01
   8.65000E+04  1.71502E-01  2.30108E-02  1.34172E-01  1.34178E-01  9.99952E-01  4.4E-02  1.0001E+01
   8.70000E+04  1.71208E-01  2.30198E-02  1.34455E-01  1.34461E-01  9.99951E-01  4.4E-02  1.0001E+01
   8.75000E+04  1.70918E-01  2.30361E-02  1.34779E-01  1.34784E-01  9.99963E-01  4.4E-02  1.0001E+01
   8.80000E+04  1.70630E-01  2.30413E-02  1.35037E-01  1.35042E-01  9.99962E-01  4.3E-02  1.0001E+01
   8.85000E+04  1.70346E-01  2.30438E-02  1.35277E-01  1.35282E-01  9.99960E-01  4.3E-02  1.0001E+01
   8.90000E+04  1.70065E-01  2.30819E-02  1.35724E-01  1.35729E-01  9.99963E-01  4.3E-02  1.0001E+01
   8.95000E+04  1.69787E-01  2.30933E-02  1.36013E-01  1.36018E-01  9.99963E-01  4.2E-02  1.0001E+01
   9.00000E+04  1.69512E-01  2.31296E-02  1.36448E-01  1.36453E-01  9.99960E-01  4.2E-02  1.0001E+01
   9.05000E+04  1.69241E-01  2.31646E-02  1.36874E-01  1.36879E-01  9.99959E-01  4.2E-02  1.0001E+01
   9.10000E+04  1.68972E-01  2.31645E-02  1.37091E-01  1.37096E-01  9.99963E-01  4.2E-02  1.0001E+01
   9.15000E+04  1.68706E-01  2.31799E-02  1.37398E-01  1.37403E-01  9.99967E-01  4.1E-02  1.0001E+01
   9.20000E+04  1.68443E-01  2.31949E-02  1.37702E-01  1.37706E-01  9.99964E-01  4.1E-02  1.0001E+01
   9.25000E+04  1.68174E-01  2.32202E-02  1.38073E-01  1.38077E-01  9.99970E-01  4.1E-02  1.0001E+01
   9.30000E+04  1.67904E-01  2.32453E-02  1.38444E-01  1.38449E-01  9.99965E-01  4.1E-02  1.0001E+01
   9.35000E+04  1.67638E-01  2.32718E-02  1.38822E-01  1.38828E-01  9.99959E-01  4.0E-02  1.0001E+01
   9.40000E+04  1.67374E-01  2.33009E-02  1.39215E-01  1.39220E-01  9.99962E-01  4.0E-02  1.0001E+01
   9.45000E+04  1.67112E-01  2.33295E-02  1.39604E-01  1.39608E-01  9.99971E-01  4.0E-02  1.0001E+01
   9.50000E+04  1.66854E-01  2.33344E-02  1.39849E-01  1.39853E-01  9.99973E-01  4.0E-02  1.0001E+01
   9.55000E+04  1.66598E-01  2.33699E-02  1.40278E-01  1.40282E-01  9.99967E-01  3.9E-02  1.0001E+01
   9.60000E+04  1.66344E-01  2.33814E-02  1.40560E-01  1.40565E-01  9.99965E-01  3.9E-02  1.0001E+01
   9.65000E+04  1.66093E-01  2.34143E-02  1.40971E-01  1.40975E-01  9.99971E-01  3.9E-02  1.0001E+01
   9.70000E+04  1.65845E-01  2.34420E-02  1.41349E-01  1.41353E-01  9.99973E-01  3.9E-02  1.0001E+01
   9.75000E+04  1.65599E-01  2.34713E-02  1.41736E-01  1.41740E-01  9.99976E-01  3.9E-02  1.0001E+01
   9.80000E+04  1.65355E-01  2.34946E-02  1.42086E-01  1.42090E-01  9.99973E-01  3.9E-02  1.0001E+01
   9.85000E+04  1.65114E-01  2.35155E-02  1.42420E-01  1.42424E-01  9.99971E-01  3.9E-02  1.0001E+01
   9.90000E+04  1.64874E-01  2.35457E-02  1.42810E-01  1.42814E-01  9.99969E-01  3.8E-02  1.0001E+01
   9.95000E+04  1.64638E-01  2.35901E-02  1.43285E-01  1.43290E-01  9.99964E-01  3.8E-02  1.0001E+01
   1.00000E+05  1.64403E-01  2.36093E-02  1.43607E-01  1.43611E-01  9.99972E-01  3.8E-02  1.0001E+01
   1.00500E+05  1.64164E-01  2.36214E-02  1.43888E-01  1.43893E-01  9.99970E-01  3.8E-02  1.0001E+01
   1.01000E+05  1.63924E-01  2.36698E-02  1.44396E-01  1.44399E-01  9.99975E-01  3.8E-02  1.0001E+01
   1.01500E+05  1.63685E-01  2.36927E-02  1.44746E-01  1.44749E-01  9.99977E-01  3.8E-02  1.0001E+01
   1.02000E+05  1.63449E-01  2.37314E-02  1.45192E-01  1.45196E-01  9.99975E-01  3.7E-02  1.0001E+01
   1.02500E+05  1.63214E-01  2.37508E-02  1.45519E-01  1.45523E-01  9.99973E-01  3.7E-02  1.0001E+01
   1.03000E+05  1.62982E-01  2.37539E-02  1.45746E-01  1.45749E-01  9.99980E-01  3.7E-02  1.0001E+01
   1.03500E+05  1.62752E-01  2.38068E-02  1.46277E-01  1.46281E-01  9.99972E-01  3.7E-02  1.0001E+01
   1.04000E+05  1.62523E-01  2.38396E-02  1.46684E-01  1.46688E-01  9.99977E-01  3.7E-02  1.0001E+01
   1.04500E+05  1.62297E-01  2.38595E-02  1.47012E-01  1.47015E-01  9.99980E-01  3.6E-02  1.0001E+01
   1.05000E+05  1.62072E-01  2.38922E-02  1.47417E-01  1.47420E-01  9.99978E-01  3.6E-02  1.0001E+01
   1.05500E+05  1.61850E-01  2.39147E-02  1.47759E-01  1.47762E-01  9.99977E-01  3.6E-02  1.0001E+01
   1.06000E+05  1.61629E-01  2.39474E-02  1.48163E-01  1.48167E-01  9.99973E-01  3.6E-02  1.0001E+01
   1.06500E+05  1.61410E-01  2.39873E-02  1.48611E-01  1.48613E-01  9.99980E-01  3.6E-02  1.0001E+01
   1.07000E+05  1.61193E-01  2.40097E-02  1.48950E-01  1.48953E-01  9.99982E-01  3.6E-02  1.0001E+01
   1.07500E+05  1.60978E-01  2.40379E-02  1.49324E-01  1.49327E-01  9.99979E-01  3.5E-02  1.0001E+01
   1.08000E+05  1.60764E-01  2.40633E-02  1.49681E-01  1.49684E-01  9.99978E-01  3.5E-02  1.0001E+01
   1.08500E+05  1.60552E-01  2.41094E-02  1.50165E-01  1.50168E-01  9.99979E-01  3.5E-02  1.0001E+01
   1.09000E+05  1.60342E-01  2.41232E-02  1.50449E-01  1.50452E-01  9.99979E-01  3.5E-02  1.0001E+01
   1.09500E+05  1.60125E-01  2.41749E-02  1.50975E-01  1.50978E-01  9.99982E-01  3.5E-02  1.0001E+01
   1.10000E+05  1.59909E-01  2.41914E-02  1.51283E-01  1.51286E-01  9.99979E-01  3.5E-02  1.0001E+01
   1.10500E+05  1.59694E-01  2.42160E-02  1.51640E-01  1.51643E-01  9.99979E-01  3.5E-02  1.0001E+01
   1.11000E+05  1.59482E-01  2.42562E-02  1.52094E-01  1.52098E-01  9.99976E-01  3.5E-02  1.0001E+01
   1.11500E+05  1.59270E-01  2.42716E-02  1.52393E-01  1.52396E-01  9.99976E-01  3.4E-02  1.0001E+01
   1.12000E+05  1.59061E-01  2.43143E-02  1.52862E-01  1.52865E-01  9.99981E-01  3.4E-02  1.0001E+01
   1.12500E+05  1.58853E-01  2.43285E-02  1.53151E-01  1.53154E-01  9.99983E-01  3.4E-02  1.0001E+01
   1.13000E+05  1.58646E-01  2.43602E-02  1.53550E-01  1.53554E-01  9.99980E-01  3.4E-02  1.0001E+01
   1.13500E+05  1.58441E-01  2.44003E-02  1.54002E-01  1.54006E-01  9.99979E-01  3.4E-02  1.0001E+01
   1.14000E+05  1.58238E-01  2.44498E-02  1.54513E-01  1.54516E-01  9.99978E-01  3.4E-02  1.0001E+01
   1.14500E+05  1.58036E-01  2.44717E-02  1.54849E-01  1.54852E-01  9.99979E-01  3.4E-02  1.0001E+01
   1.15000E+05  1.57836E-01  2.44911E-02  1.55169E-01  1.55172E-01  9.99977E-01  3.4E-02  1.0001E+01
   1.15500E+05  1.57637E-01  2.45401E-02  1.55675E-01  1.55677E-01  9.99983E-01  3.4E-02  1.0001E+01
   1.16000E+05  1.57439E-01  2.45872E-02  1.56170E-01  1.56172E-01  9.99983E-01  3.4E-02  1.0001E+01
   1.16500E+05  1.57243E-01  2.45741E-02  1.56281E-01  1.56284E-01  9.99983E-01  3.4E-02  1.0001E+01
   1.17000E+05  1.57048E-01  2.46349E-02  1.56862E-01  1.56865E-01  9.99980E-01  3.3E-02  1.0001E+01
   1.17500E+05  1.56855E-01  2.46641E-02  1.57241E-01  1.57244E-01  9.99980E-01  3.3E-02  1.0001E+01
   1.18000E+05  1.56663E-01  2.46894E-02  1.57595E-01  1.57597E-01  9.99985E-01  3.3E-02  1.0001E+01
   1.18500E+05  1.56473E-01  2.47194E-02  1.57979E-01  1.57982E-01  9.99983E-01  3.4E-02  1.0001E+01
   1.19000E+05  1.56278E-01  2.47430E-02  1.58327E-01  1.58330E-01  9.99978E-01  3.3E-02  1.0001E+01
   1.19500E+05  1.56082E-01  2.47832E-02  1.58783E-01  1.58786E-01  9.99984E-01  3.3E-02  1.0001E+01
   1.20000E+05  1.55887E-01  2.48213E-02  1.59226E-01  1.59228E-01  9.99988E-01  3.3E-02  1.0001E+01
